


	Problem Size (nT x nS x nH):50x6031
	CPU Time(sec): 6
	Obj Value: 50

			0 			0 			0 			0 			0 			0 			0 			0 			0 			0 			0 			0 			0 			0 			0 			0 			0 			0 			0 			0 			0 			0 			0 			0 			0 			0 			0 			0 			0 			0 			0 			0 			0 			0 			0 			0 			0 			0 			0 			0 			0 			0 			0 			0 			0 			0 			0 			0 			0 			0 			0 			0 			0 			0 			0 			0 			0 			0 			0 			0 
			1 			1 			1 			1 			0 			1 			1 			1 			1 			1 			1 			1 			1 			0 			1 			1 			1 			1 			1 			1 			1 			0 			1 			0 			1 			1 			0 			1 			1 			1 			1 			1 			1 			1 			1 			0 			1 			1 			1 			1 			1 			1 			1 			1 			1 			1 			1 			1 			1 			1 			0 			1 			1 			1 			0 			1 			0 			1 			0 			1 
			1 			1 			1 			1 			0 			1 			1 			1 			1 			1 			1 			1 			1 			0 			1 			1 			1 			1 			1 			1 			1 			0 			1 			0 			1 			1 			0 			1 			1 			1 			1 			1 			1 			1 			1 			0 			1 			1 			1 			1 			1 			1 			1 			1 			1 			1 			1 			1 			1 			1 			0 			1 			1 			1 			0 			1 			0 			1 			0 			1 
			1 			1 			1 			1 			0 			1 			1 			1 			1 			1 			1 			1 			1 			0 			1 			1 			1 			1 			1 			1 			1 			0 			1 			0 			1 			1 			0 			1 			1 			1 			1 			1 			1 			1 			1 			0 			1 			1 			1 			1 			1 			1 			1 			1 			1 			1 			1 			1 			1 			1 			0 			1 			1 			1 			0 			1 			0 			1 			0 			1 
			1 			1 			1 			1 			0 			1 			1 			1 			1 			1 			1 			1 			1 			0 			1 			1 			1 			1 			1 			1 			1 			0 			1 			0 			1 			1 			0 			1 			1 			1 			1 			1 			1 			1 			1 			0 			1 			1 			1 			1 			1 			1 			1 			1 			1 			1 			1 			1 			1 			1 			0 			1 			1 			1 			0 			1 			0 			1 			0 			1 
			1 			1 			1 			1 			0 			1 			1 			1 			1 			1 			1 			1 			1 			0 			1 			1 			1 			1 			1 			1 			1 			0 			1 			0 			1 			1 			0 			1 			1 			1 			1 			1 			1 			1 			1 			0 			1 			1 			1 			1 			1 			1 			1 			1 			1 			1 			1 			1 			1 			1 			0 			1 			1 			1 			0 			1 			0 			1 			0 			1 
			1 			1 			1 			1 			0 			1 			1 			1 			1 			1 			1 			1 			1 			0 			1 			1 			1 			1 			1 			1 			1 			0 			1 			0 			1 			1 			0 			1 			1 			1 			1 			1 			1 			1 			1 			0 			1 			1 			1 			1 			1 			1 			1 			1 			1 			1 			1 			1 			1 			1 			0 			1 			1 			1 			0 			1 			0 			1 			0 			1 
			1 			1 			1 			1 			0 			1 			1 			1 			1 			1 			1 			1 			1 			0 			1 			1 			1 			1 			1 			1 			1 			0 			1 			0 			1 			1 			0 			1 			1 			1 			1 			1 			1 			1 			1 			0 			1 			1 			1 			1 			1 			1 			1 			1 			1 			1 			1 			1 			1 			1 			0 			1 			1 			1 			0 			1 			0 			1 			0 			1 
			1 			1 			1 			1 			0 			1 			1 			1 			1 			1 			1 			1 			1 			0 			1 			1 			1 			1 			1 			1 			1 			0 			1 			0 			1 			1 			0 			1 			1 			1 			1 			1 			1 			1 			1 			0 			1 			1 			1 			1 			1 			1 			1 			1 			1 			1 			1 			1 			1 			1 			0 			1 			1 			1 			0 			1 			0 			1 			0 			1 
			1 			1 			1 			1 			0 			1 			1 			1 			1 			1 			1 			1 			1 			0 			1 			1 			1 			1 			1 			1 			1 			0 			1 			0 			1 			1 			0 			1 			1 			1 			1 			1 			1 			1 			1 			0 			1 			1 			1 			1 			1 			1 			1 			1 			1 			1 			1 			1 			1 			1 			0 			1 			1 			1 			0 			1 			0 			1 			0 			1 
			1 			1 			1 			1 			0 			1 			1 			1 			1 			1 			1 			1 			1 			0 			1 			1 			1 			1 			1 			1 			1 			0 			1 			0 			1 			1 			0 			1 			1 			1 			1 			1 			1 			1 			1 			0 			1 			1 			1 			1 			1 			1 			1 			1 			1 			1 			1 			1 			1 			1 			0 			1 			1 			1 			0 			1 			0 			1 			0 			1 
			1 			1 			1 			1 			0 			1 			1 			1 			1 			1 			1 			1 			1 			0 			1 			1 			1 			1 			1 			1 			1 			0 			1 			0 			1 			1 			0 			1 			1 			1 			1 			1 			1 			1 			1 			0 			1 			1 			1 			1 			1 			1 			1 			1 			1 			1 			1 			1 			1 			1 			0 			1 			1 			1 			0 			1 			0 			1 			0 			1 
			1 			1 			1 			1 			0 			1 			1 			1 			1 			1 			1 			1 			1 			0 			1 			1 			1 			1 			1 			1 			1 			0 			1 			0 			1 			1 			0 			1 			1 			1 			1 			1 			1 			1 			1 			0 			1 			1 			1 			1 			1 			1 			1 			1 			1 			1 			1 			1 			1 			1 			0 			1 			1 			1 			0 			1 			0 			1 			0 			1 
			1 			1 			1 			1 			0 			1 			1 			1 			1 			1 			1 			1 			1 			0 			1 			1 			1 			1 			1 			1 			1 			0 			1 			0 			1 			1 			0 			1 			1 			1 			1 			1 			1 			1 			1 			0 			1 			1 			1 			1 			1 			1 			1 			1 			1 			1 			1 			1 			1 			1 			0 			1 			1 			1 			0 			1 			0 			1 			0 			1 
			1 			1 			1 			1 			0 			1 			1 			1 			1 			1 			1 			1 			1 			0 			1 			1 			1 			1 			1 			1 			1 			0 			1 			0 			1 			1 			0 			1 			1 			1 			1 			1 			1 			1 			1 			0 			1 			1 			1 			1 			1 			1 			1 			1 			1 			1 			1 			1 			1 			1 			0 			1 			1 			1 			0 			1 			0 			1 			0 			1 
			1 			1 			1 			1 			0 			1 			1 			1 			1 			1 			1 			1 			1 			0 			1 			1 			1 			1 			1 			1 			1 			0 			1 			0 			1 			1 			0 			1 			1 			1 			1 			1 			1 			1 			1 			0 			1 			1 			1 			1 			1 			1 			1 			1 			1 			1 			1 			1 			1 			1 			0 			1 			1 			1 			0 			1 			0 			1 			0 			1 
			1 			1 			1 			1 			0 			1 			1 			1 			1 			1 			1 			1 			1 			0 			1 			1 			1 			1 			1 			1 			1 			0 			1 			0 			1 			1 			0 			1 			1 			1 			1 			1 			1 			1 			1 			0 			1 			1 			1 			1 			1 			1 			1 			1 			1 			1 			1 			1 			1 			1 			0 			1 			1 			1 			0 			1 			0 			1 			0 			1 
			1 			1 			1 			1 			0 			1 			1 			1 			1 			1 			1 			1 			1 			0 			1 			1 			1 			1 			1 			1 			1 			0 			1 			0 			1 			1 			0 			1 			1 			1 			1 			1 			1 			1 			1 			0 			1 			1 			1 			1 			1 			1 			1 			1 			1 			1 			1 			1 			1 			1 			0 			1 			1 			1 			0 			1 			0 			1 			0 			1 
			1 			1 			1 			1 			0 			1 			1 			1 			1 			1 			1 			1 			1 			0 			1 			1 			1 			1 			1 			1 			1 			0 			1 			0 			1 			1 			0 			1 			1 			1 			1 			1 			1 			1 			1 			0 			1 			1 			1 			1 			1 			1 			1 			1 			1 			1 			1 			1 			1 			1 			0 			1 			1 			1 			0 			1 			0 			1 			0 			1 
			1 			1 			1 			1 			0 			1 			1 			1 			1 			1 			1 			1 			1 			0 			1 			1 			1 			1 			1 			1 			1 			0 			1 			0 			1 			1 			0 			1 			1 			1 			1 			1 			1 			1 			1 			0 			1 			1 			1 			1 			1 			1 			1 			1 			1 			1 			1 			1 			1 			1 			0 			1 			1 			1 			0 			1 			0 			1 			0 			1 
			1 			1 			1 			1 			0 			1 			1 			1 			1 			1 			1 			1 			1 			0 			1 			1 			1 			1 			1 			1 			1 			0 			1 			0 			1 			1 			0 			1 			1 			1 			1 			1 			1 			1 			1 			0 			1 			1 			1 			1 			1 			1 			1 			1 			1 			1 			1 			1 			1 			1 			0 			1 			1 			1 			0 			1 			0 			1 			0 			1 
			1 			1 			1 			1 			0 			1 			1 			1 			1 			1 			1 			1 			1 			0 			1 			1 			1 			1 			1 			1 			1 			0 			1 			0 			1 			1 			0 			1 			1 			1 			1 			1 			1 			1 			1 			0 			1 			1 			1 			1 			1 			1 			1 			1 			1 			1 			1 			1 			1 			1 			0 			1 			1 			1 			0 			1 			0 			1 			0 			1 
			1 			1 			1 			1 			0 			1 			1 			1 			1 			1 			1 			1 			1 			0 			1 			1 			1 			1 			1 			1 			1 			0 			1 			0 			1 			1 			0 			1 			1 			1 			1 			1 			1 			1 			1 			0 			1 			1 			1 			1 			1 			1 			1 			1 			1 			1 			1 			1 			1 			1 			0 			1 			1 			1 			0 			1 			0 			1 			0 			1 
			1 			1 			1 			1 			0 			1 			1 			1 			1 			1 			1 			1 			1 			0 			1 			1 			1 			1 			1 			1 			1 			0 			1 			0 			1 			1 			0 			1 			1 			1 			1 			1 			1 			1 			1 			0 			1 			1 			1 			1 			1 			1 			1 			1 			1 			1 			1 			1 			1 			1 			0 			1 			1 			1 			0 			1 			0 			1 			0 			1 
			1 			1 			1 			1 			0 			1 			1 			1 			1 			1 			1 			1 			1 			0 			1 			1 			1 			1 			1 			1 			1 			0 			1 			0 			1 			1 			0 			1 			1 			1 			1 			1 			1 			1 			1 			0 			1 			1 			1 			1 			1 			1 			1 			1 			1 			1 			1 			1 			1 			1 			0 			1 			1 			1 			0 			1 			0 			1 			0 			1 
			1 			1 			1 			1 			0 			1 			1 			1 			1 			1 			1 			1 			1 			0 			1 			1 			1 			1 			1 			1 			1 			0 			1 			0 			1 			1 			0 			1 			1 			1 			1 			1 			1 			1 			1 			0 			1 			1 			1 			1 			1 			1 			1 			1 			1 			1 			1 			1 			1 			1 			0 			1 			1 			1 			0 			1 			0 			1 			0 			1 
			1 			1 			1 			1 			0 			1 			1 			1 			1 			1 			1 			1 			1 			0 			1 			1 			1 			1 			1 			1 			1 			0 			1 			0 			1 			1 			0 			1 			1 			1 			1 			1 			1 			1 			1 			0 			1 			1 			1 			1 			1 			1 			1 			1 			1 			1 			1 			1 			1 			1 			0 			1 			1 			1 			0 			1 			0 			1 			0 			1 
			1 			1 			1 			1 			0 			1 			1 			1 			1 			1 			1 			1 			1 			0 			1 			1 			1 			1 			1 			1 			1 			0 			1 			0 			1 			1 			0 			1 			1 			1 			1 			1 			1 			1 			1 			0 			1 			1 			1 			1 			1 			1 			1 			1 			1 			1 			1 			1 			1 			1 			0 			1 			1 			1 			0 			1 			0 			1 			0 			1 
			1 			1 			1 			1 			0 			1 			1 			1 			1 			1 			1 			1 			1 			0 			1 			1 			1 			1 			1 			1 			1 			0 			1 			0 			1 			1 			0 			1 			1 			1 			1 			1 			1 			1 			1 			0 			1 			1 			1 			1 			1 			1 			1 			1 			1 			1 			1 			1 			1 			1 			0 			1 			1 			1 			0 			1 			0 			1 			0 			1 
			1 			1 			1 			1 			0 			1 			1 			1 			1 			1 			1 			1 			1 			0 			1 			1 			1 			1 			1 			1 			1 			0 			1 			0 			1 			1 			0 			1 			1 			1 			1 			1 			1 			1 			1 			0 			1 			1 			1 			1 			1 			1 			1 			1 			1 			1 			1 			1 			1 			1 			0 			1 			1 			1 			0 			1 			0 			1 			0 			1 
			0 			1 			0 			1 			0 			0 			0 			0 			0 			1 			0 			1 			0 			0 			1 			1 			1 			1 			1 			0 			1 			0 			1 			0 			0 			1 			0 			0 			1 			1 			0 			0 			1 			1 			0 			0 			1 			0 			0 			1 			0 			0 			1 			1 			1 			1 			1 			1 			0 			1 			0 			0 			0 			0 			0 			1 			0 			0 			0 			1 
			 X[0][37] = 1
			 X[1][36] = 1
			 X[2][7] = 1
			 X[3][26] = 1
			 X[5][18] = 1
			 X[6][42] = 1
			 X[7][19] = 1
			 X[8][11] = 1
			 X[9][10] = 1
			 X[10][2] = 1
			 X[11][8] = 1
			 X[12][9] = 1
			 X[14][44] = 1
			 X[15][40] = 1
			 X[16][27] = 1
			 X[17][0] = 1
			 X[18][39] = 1
			 X[19][45] = 1
			 X[20][49] = 1
			 X[22][5] = 1
			 X[24][16] = 1
			 X[25][28] = 1
			 X[27][35] = 1
			 X[28][1] = 1
			 X[29][33] = 1
			 X[30][31] = 1
			 X[31][48] = 1
			 X[32][23] = 1
			 X[33][30] = 1
			 X[34][41] = 1
			 X[36][22] = 1
			 X[37][34] = 1
			 X[38][25] = 1
			 X[39][21] = 1
			 X[40][12] = 1
			 X[41][20] = 1
			 X[42][6] = 1
			 X[43][24] = 1
			 X[44][3] = 1
			 X[45][46] = 1
			 X[46][32] = 1
			 X[47][15] = 1
			 X[48][29] = 1
			 X[49][38] = 1
			 X[51][17] = 1
			 X[52][47] = 1
			 X[53][43] = 1
			 X[55][14] = 1
			 X[57][13] = 1
			 X[59][4] = 1
