


	Problem Size (nT x nS x nH):5x6x10
	CPU Time(sec): 4
	Obj Value: 12

			0 			0 			0 			0 			0 			0 
			1 			1 			0 			0 			0 			1 
			1 			0 			1 			0 			0 			0 
			0 			1 			1 			0 			0 			0 
			1 			0 			0 			0 			0 			0 
			1 			0 			0 			0 			0 			1 
			0 			0 			1 			0 			0 			0 
			0 			1 			1 			0 			0 			0 
			0 			0 			1 			0 			0 			1 
			1 			0 			1 			0 			0 			1 
			0 			1 			1 			0 			0 			0 


			 X[0][4] = 1
			 X[1][3] = 1
			 X[2][0] = 1
			 X[2][2] = 1
			 X[5][1] = 1


			0 			0 			0 			0 			0 			0 
			4 			3 			0 			0 			0 			1 
			4 			0 			2 			0 			0 			0 
			0 			3 			0 			0 			0 			0 
			4 			0 			0 			0 			0 			0 
			4 			0 			0 			0 			0 			1 
			0 			0 			2 			0 			0 			0 
			0 			3 			0 			0 			0 			0 
			0 			0 			0 			0 			0 			1 
			4 			0 			0 			0 			0 			1 
			0 			3 			2 			0 			0 			0 

			Buracos: 12 