


	Problem Size (nT x nS x nH):29x29x30
	CPU Time(sec): 78
	Obj Value: 226

			0 			0 			0 			0 			0 			0 			0 			0 			0 			0 			0 			0 			0 			0 			0 			0 			0 			0 			0 			0 			0 			0 			0 			0 			0 			0 			0 			0 			0 
			0 			0 			0 			1 			0 			0 			1 			0 			1 			1 			1 			0 			0 			0 			0 			0 			1 			1 			1 			0 			0 			0 			1 			1 			0 			0 			0 			0 			1 
			0 			0 			0 			0 			0 			0 			1 			1 			1 			0 			1 			0 			0 			1 			0 			1 			1 			0 			0 			0 			1 			1 			0 			1 			1 			0 			1 			0 			0 
			0 			0 			1 			1 			0 			1 			0 			0 			1 			0 			1 			0 			0 			0 			1 			0 			0 			1 			1 			1 			0 			1 			0 			0 			0 			1 			0 			1 			0 
			1 			0 			0 			1 			0 			0 			1 			0 			0 			1 			0 			1 			0 			0 			0 			0 			1 			1 			1 			0 			1 			1 			0 			1 			1 			0 			1 			0 			1 
			1 			1 			0 			1 			1 			0 			0 			1 			1 			0 			1 			1 			1 			1 			1 			0 			0 			1 			1 			1 			0 			0 			0 			0 			1 			0 			0 			0 			0 
			1 			0 			1 			1 			0 			0 			1 			1 			1 			0 			1 			0 			0 			0 			1 			0 			0 			1 			1 			1 			0 			1 			1 			1 			0 			1 			1 			0 			1 
			0 			1 			1 			1 			0 			0 			0 			0 			1 			1 			1 			1 			1 			1 			1 			0 			1 			1 			0 			1 			0 			1 			1 			1 			0 			0 			1 			1 			1 
			1 			1 			0 			0 			0 			1 			0 			0 			0 			1 			0 			1 			0 			1 			0 			0 			0 			1 			1 			1 			1 			1 			0 			0 			0 			0 			0 			1 			1 
			0 			1 			0 			0 			0 			1 			0 			0 			1 			0 			0 			0 			1 			0 			0 			1 			1 			1 			1 			1 			1 			1 			0 			1 			0 			0 			1 			1 			0 
			1 			1 			0 			1 			0 			0 			1 			1 			0 			1 			0 			0 			1 			1 			1 			0 			0 			0 			0 			0 			0 			1 			0 			0 			1 			0 			1 			0 			0 
			0 			0 			0 			1 			1 			0 			1 			1 			0 			0 			0 			0 			1 			1 			0 			1 			1 			1 			1 			0 			1 			0 			0 			1 			1 			1 			0 			0 			1 
			0 			0 			1 			0 			0 			1 			0 			1 			1 			1 			0 			1 			0 			0 			0 			1 			1 			1 			1 			1 			1 			1 			0 			0 			0 			0 			1 			1 			1 
			1 			1 			1 			1 			0 			1 			0 			0 			1 			1 			1 			1 			0 			0 			0 			1 			1 			1 			1 			1 			0 			1 			1 			1 			1 			0 			0 			1 			0 
			0 			1 			0 			1 			1 			1 			0 			1 			1 			0 			0 			0 			0 			0 			0 			0 			1 			0 			0 			0 			1 			0 			0 			1 			1 			0 			0 			0 			1 
			1 			0 			1 			0 			1 			0 			0 			1 			1 			1 			0 			1 			0 			1 			1 			0 			1 			0 			1 			1 			1 			1 			1 			1 			0 			1 			1 			0 			1 
			1 			0 			1 			0 			1 			1 			0 			1 			0 			1 			1 			1 			0 			1 			0 			1 			0 			0 			0 			0 			1 			0 			0 			0 			0 			0 			0 			0 			0 
			0 			0 			1 			1 			0 			0 			0 			0 			1 			0 			0 			1 			0 			1 			1 			1 			0 			1 			0 			1 			0 			1 			1 			1 			0 			1 			0 			1 			0 
			0 			0 			0 			0 			0 			1 			1 			1 			1 			0 			1 			0 			1 			1 			1 			0 			0 			1 			1 			0 			1 			0 			1 			1 			1 			1 			1 			0 			0 
			1 			1 			1 			0 			0 			1 			1 			0 			0 			0 			0 			0 			0 			1 			0 			0 			0 			0 			1 			1 			1 			1 			1 			0 			0 			0 			1 			1 			1 
			0 			1 			1 			1 			1 			1 			1 			0 			0 			1 			0 			1 			0 			0 			0 			0 			1 			1 			1 			0 			1 			1 			1 			0 			0 			1 			0 			1 			0 
			1 			0 			0 			1 			1 			1 			0 			0 			0 			1 			1 			1 			1 			0 			0 			0 			0 			0 			1 			0 			1 			1 			1 			1 			1 			0 			1 			1 			1 
			0 			1 			0 			1 			1 			0 			1 			1 			0 			1 			0 			0 			0 			0 			1 			0 			1 			1 			1 			1 			0 			1 			0 			1 			1 			1 			1 			0 			1 
			0 			1 			1 			0 			1 			1 			0 			1 			0 			1 			0 			1 			0 			1 			0 			1 			0 			1 			0 			0 			0 			0 			0 			1 			1 			0 			1 			0 			0 
			1 			0 			1 			0 			0 			1 			1 			0 			1 			0 			0 			0 			0 			0 			0 			0 			1 			1 			1 			0 			1 			1 			0 			0 			1 			1 			0 			0 			1 
			0 			0 			0 			1 			0 			1 			1 			0 			0 			1 			1 			1 			1 			1 			1 			1 			1 			1 			0 			0 			1 			0 			1 			1 			1 			0 			1 			1 			1 
			0 			1 			1 			1 			0 			0 			0 			0 			1 			1 			1 			1 			0 			1 			0 			0 			0 			1 			1 			0 			0 			0 			0 			0 			1 			0 			0 			0 			0 
			1 			0 			0 			1 			0 			0 			0 			0 			1 			0 			1 			0 			1 			0 			1 			1 			0 			0 			1 			1 			1 			0 			0 			1 			1 			1 			1 			1 			0 
			1 			1 			0 			1 			0 			1 			0 			1 			0 			0 			1 			0 			1 			0 			0 			1 			1 			0 			0 			0 			0 			1 			0 			0 			1 			1 			0 			0 			0 
			1 			1 			1 			1 			0 			0 			0 			1 			0 			0 			0 			0 			1 			0 			0 			1 			1 			0 			0 			1 			1 			0 			1 			1 			0 			1 			0 			0 			0 
			0 			0 			1 			0 			0 			0 			1 			0 			0 			0 			0 			0 			0 			1 			1 			1 			0 			0 			1 			1 			0 			0 			1 			1 			0 			1 			0 			0 			1 

			quantidade de buracos 468

			 X[0][5] = 1
			 X[1][20] = 1
			 X[2][0] = 1
			 X[3][21] = 1
			 X[4][17] = 1
			 X[5][8] = 1
			 X[6][1] = 1
			 X[7][12] = 1
			 X[8][19] = 1
			 X[9][9] = 1
			 X[10][24] = 1
			 X[11][23] = 1
			 X[12][2] = 1
			 X[13][18] = 1
			 X[14][25] = 1
			 X[15][22] = 1
			 X[16][4] = 1
			 X[17][13] = 1
			 X[18][27] = 1
			 X[19][14] = 1
			 X[20][6] = 1
			 X[21][15] = 1
			 X[22][10] = 1
			 X[23][7] = 1
			 X[24][11] = 1
			 X[25][16] = 1
			 X[26][26] = 1
			 X[27][28] = 1
			 X[28][3] = 1


			0 			0 			0 			0 			0 			0 			0 			0 			0 			0 			0 			0 			0 			0 			0 			0 			0 			0 			0 			0 			0 			0 			0 			0 			0 			0 			0 			0 			0 
			0 			0 			0 			21 			0 			0 			1 			0 			19 			9 			24 			0 			0 			0 			0 			0 			4 			13 			27 			0 			0 			0 			10 			7 			0 			0 			0 			0 			3 
			0 			0 			0 			0 			0 			0 			1 			12 			19 			0 			24 			0 			0 			18 			0 			22 			4 			0 			0 			0 			6 			15 			0 			7 			11 			0 			26 			0 			0 
			0 			0 			0 			21 			0 			8 			0 			0 			19 			0 			24 			0 			0 			0 			25 			0 			0 			13 			27 			14 			0 			15 			0 			0 			0 			16 			0 			28 			0 
			5 			0 			0 			21 			0 			0 			1 			0 			0 			9 			0 			23 			0 			0 			0 			0 			4 			13 			27 			0 			6 			15 			0 			7 			11 			0 			26 			0 			3 
			5 			20 			0 			21 			17 			0 			0 			12 			19 			0 			24 			23 			2 			18 			25 			0 			0 			13 			27 			14 			0 			0 			0 			0 			11 			0 			0 			0 			0 
			5 			0 			0 			21 			0 			0 			1 			12 			19 			0 			24 			0 			0 			0 			25 			0 			0 			13 			27 			14 			0 			15 			10 			7 			0 			16 			26 			0 			3 
			0 			20 			0 			21 			0 			0 			0 			0 			19 			9 			24 			23 			2 			18 			25 			0 			4 			13 			0 			14 			0 			15 			10 			7 			0 			0 			26 			28 			3 
			5 			20 			0 			0 			0 			8 			0 			0 			0 			9 			0 			23 			0 			18 			0 			0 			0 			13 			27 			14 			6 			15 			0 			0 			0 			0 			0 			28 			3 
			0 			20 			0 			0 			0 			8 			0 			0 			19 			0 			0 			0 			2 			0 			0 			22 			4 			13 			27 			14 			6 			15 			0 			7 			0 			0 			26 			28 			0 
			5 			20 			0 			21 			0 			0 			1 			12 			0 			9 			0 			0 			2 			18 			25 			0 			0 			0 			0 			0 			0 			15 			0 			0 			11 			0 			26 			0 			0 
			0 			0 			0 			21 			17 			0 			1 			12 			0 			0 			0 			0 			2 			18 			0 			22 			4 			13 			27 			0 			6 			0 			0 			7 			11 			16 			0 			0 			3 
			0 			0 			0 			0 			0 			8 			0 			12 			19 			9 			0 			23 			0 			0 			0 			22 			4 			13 			27 			14 			6 			15 			0 			0 			0 			0 			26 			28 			3 
			5 			20 			0 			21 			0 			8 			0 			0 			19 			9 			24 			23 			0 			0 			0 			22 			4 			13 			27 			14 			0 			15 			10 			7 			11 			0 			0 			28 			0 
			0 			20 			0 			21 			17 			8 			0 			12 			19 			0 			0 			0 			0 			0 			0 			0 			4 			0 			0 			0 			6 			0 			0 			7 			11 			0 			0 			0 			3 
			5 			0 			0 			0 			17 			0 			0 			12 			19 			9 			0 			23 			0 			18 			25 			0 			4 			0 			27 			14 			6 			15 			10 			7 			0 			16 			26 			0 			3 
			5 			0 			0 			0 			17 			8 			0 			12 			0 			9 			24 			23 			0 			18 			0 			22 			0 			0 			0 			0 			6 			0 			0 			0 			0 			0 			0 			0 			0 
			0 			0 			0 			21 			0 			0 			0 			0 			19 			0 			0 			23 			0 			18 			25 			22 			0 			13 			0 			14 			0 			15 			10 			7 			0 			16 			0 			28 			0 
			0 			0 			0 			0 			0 			8 			1 			12 			19 			0 			24 			0 			2 			18 			25 			0 			0 			13 			27 			0 			6 			0 			10 			7 			11 			16 			26 			0 			0 
			5 			20 			0 			0 			0 			8 			1 			0 			0 			0 			0 			0 			0 			18 			0 			0 			0 			0 			27 			14 			6 			15 			10 			0 			0 			0 			26 			28 			3 
			0 			20 			0 			21 			17 			8 			1 			0 			0 			9 			0 			23 			0 			0 			0 			0 			4 			13 			27 			0 			6 			15 			10 			0 			0 			16 			0 			28 			0 
			5 			0 			0 			21 			17 			8 			0 			0 			0 			9 			24 			23 			2 			0 			0 			0 			0 			0 			27 			0 			6 			15 			10 			7 			11 			0 			26 			28 			3 
			0 			20 			0 			21 			17 			0 			1 			12 			0 			9 			0 			0 			0 			0 			25 			0 			4 			13 			27 			14 			0 			15 			0 			7 			11 			16 			26 			0 			3 
			0 			20 			0 			0 			17 			8 			0 			12 			0 			9 			0 			23 			0 			18 			0 			22 			0 			13 			0 			0 			0 			0 			0 			7 			11 			0 			26 			0 			0 
			5 			0 			0 			0 			0 			8 			1 			0 			19 			0 			0 			0 			0 			0 			0 			0 			4 			13 			27 			0 			6 			15 			0 			0 			11 			16 			0 			0 			3 
			0 			0 			0 			21 			0 			8 			1 			0 			0 			9 			24 			23 			2 			18 			25 			22 			4 			13 			0 			0 			6 			0 			10 			7 			11 			0 			26 			28 			3 
			0 			20 			0 			21 			0 			0 			0 			0 			19 			9 			24 			23 			0 			18 			0 			0 			0 			13 			27 			0 			0 			0 			0 			0 			11 			0 			0 			0 			0 
			5 			0 			0 			21 			0 			0 			0 			0 			19 			0 			24 			0 			2 			0 			25 			22 			0 			0 			27 			14 			6 			0 			0 			7 			11 			16 			26 			28 			0 
			5 			20 			0 			21 			0 			8 			0 			12 			0 			0 			24 			0 			2 			0 			0 			22 			4 			0 			0 			0 			0 			15 			0 			0 			11 			16 			0 			0 			0 
			5 			20 			0 			21 			0 			0 			0 			12 			0 			0 			0 			0 			2 			0 			0 			22 			4 			0 			0 			14 			6 			0 			10 			7 			0 			16 			0 			0 			0 
			0 			0 			0 			0 			0 			0 			1 			0 			0 			0 			0 			0 			0 			18 			25 			22 			0 			0 			27 			14 			0 			0 			10 			7 			0 			16 			0 			0 			3 
