


	Problem Size (nT x nS x nH):12x15x30
	CPU Time(sec): 61
	Obj Value: 95

			0 			0 			0 			0 			0 			0 			0 			0 			0 			0 			0 			0 			0 			0 			0 
			0 			0 			0 			0 			1 			1 			1 			0 			0 			1 			0 			1 			0 			1 			0 
			0 			0 			0 			0 			0 			1 			1 			0 			0 			1 			0 			0 			0 			0 			0 
			0 			1 			0 			1 			0 			0 			0 			1 			0 			1 			0 			1 			0 			0 			0 
			1 			0 			0 			1 			1 			0 			0 			1 			0 			0 			1 			0 			0 			0 			0 
			0 			0 			0 			0 			0 			0 			1 			1 			0 			0 			1 			1 			0 			1 			0 
			0 			1 			0 			1 			0 			0 			0 			0 			0 			0 			0 			0 			0 			0 			0 
			0 			0 			1 			1 			0 			1 			1 			1 			0 			0 			1 			0 			0 			1 			0 
			1 			1 			1 			0 			1 			1 			1 			0 			0 			1 			0 			0 			0 			1 			0 
			0 			1 			1 			0 			1 			0 			0 			1 			0 			0 			0 			0 			0 			0 			0 
			0 			1 			1 			0 			0 			0 			0 			1 			0 			0 			1 			0 			0 			1 			0 
			1 			0 			0 			0 			0 			1 			1 			0 			0 			1 			0 			0 			0 			1 			0 
			1 			0 			1 			1 			1 			1 			1 			0 			0 			1 			1 			1 			0 			0 			0 
			1 			1 			1 			1 			1 			1 			0 			0 			0 			0 			0 			0 			0 			0 			0 
			1 			0 			1 			0 			1 			1 			0 			0 			0 			0 			1 			1 			0 			1 			0 
			1 			1 			1 			0 			1 			1 			0 			0 			0 			1 			0 			1 			0 			1 			0 
			1 			0 			0 			0 			1 			1 			1 			0 			0 			1 			0 			1 			0 			0 			0 
			1 			1 			1 			0 			0 			1 			1 			1 			0 			0 			1 			1 			0 			1 			0 
			1 			0 			1 			0 			1 			0 			1 			0 			0 			0 			1 			0 			0 			0 			0 
			0 			0 			1 			0 			0 			1 			1 			1 			0 			0 			1 			0 			0 			1 			0 
			1 			1 			1 			1 			0 			0 			0 			0 			0 			0 			0 			1 			0 			1 			0 
			0 			1 			0 			1 			0 			0 			1 			1 			0 			0 			1 			0 			0 			0 			0 
			1 			1 			1 			1 			0 			0 			1 			1 			0 			0 			0 			0 			0 			1 			0 
			1 			1 			1 			0 			0 			0 			0 			0 			0 			1 			0 			0 			0 			0 			0 
			0 			1 			0 			1 			0 			0 			0 			1 			0 			0 			1 			1 			0 			1 			0 
			1 			1 			0 			0 			1 			0 			0 			0 			0 			1 			1 			1 			0 			0 			0 
			1 			1 			1 			1 			0 			1 			1 			0 			0 			0 			0 			1 			0 			0 			0 
			0 			0 			0 			1 			0 			0 			1 			1 			0 			0 			1 			0 			0 			1 			0 
			1 			0 			0 			0 			1 			1 			1 			0 			0 			1 			0 			1 			0 			1 			0 
			0 			1 			1 			1 			0 			0 			0 			0 			0 			1 			1 			0 			0 			1 			0 
			1 			0 			0 			1 			1 			0 			1 			1 			0 			1 			1 			0 			0 			1 			0 

			quantidade de buracos 287

			 X[0][8] = 1
			 X[1][6] = 1
			 X[2][2] = 1
			 X[3][11] = 1
			 X[4][4] = 1
			 X[5][1] = 1
			 X[6][7] = 1
			 X[7][0] = 1
			 X[9][9] = 1
			 X[10][5] = 1
			 X[11][3] = 1
			 X[13][10] = 1


			0 			0 			0 			0 			0 			0 			0 			0 			0 			0 			0 			0 			0 			0 			0 
			0 			0 			0 			0 			4 			1 			7 			0 			0 			9 			0 			3 			0 			10 			0 
			0 			0 			0 			0 			0 			1 			7 			0 			0 			9 			0 			0 			0 			0 			0 
			0 			6 			0 			11 			0 			0 			0 			0 			0 			9 			0 			3 			0 			0 			0 
			8 			0 			0 			11 			4 			0 			0 			0 			0 			0 			5 			0 			0 			0 			0 
			0 			0 			0 			0 			0 			0 			7 			0 			0 			0 			5 			3 			0 			10 			0 
			0 			6 			0 			11 			0 			0 			0 			0 			0 			0 			0 			0 			0 			0 			0 
			0 			0 			2 			11 			0 			1 			7 			0 			0 			0 			5 			0 			0 			10 			0 
			8 			6 			2 			0 			4 			1 			7 			0 			0 			9 			0 			0 			0 			10 			0 
			0 			6 			2 			0 			4 			0 			0 			0 			0 			0 			0 			0 			0 			0 			0 
			0 			6 			2 			0 			0 			0 			0 			0 			0 			0 			5 			0 			0 			10 			0 
			8 			0 			0 			0 			0 			1 			7 			0 			0 			9 			0 			0 			0 			10 			0 
			8 			0 			2 			11 			4 			1 			7 			0 			0 			9 			5 			3 			0 			0 			0 
			8 			6 			2 			11 			4 			1 			0 			0 			0 			0 			0 			0 			0 			0 			0 
			8 			0 			2 			0 			4 			1 			0 			0 			0 			0 			5 			3 			0 			10 			0 
			8 			6 			2 			0 			4 			1 			0 			0 			0 			9 			0 			3 			0 			10 			0 
			8 			0 			0 			0 			4 			1 			7 			0 			0 			9 			0 			3 			0 			0 			0 
			8 			6 			2 			0 			0 			1 			7 			0 			0 			0 			5 			3 			0 			10 			0 
			8 			0 			2 			0 			4 			0 			7 			0 			0 			0 			5 			0 			0 			0 			0 
			0 			0 			2 			0 			0 			1 			7 			0 			0 			0 			5 			0 			0 			10 			0 
			8 			6 			2 			11 			0 			0 			0 			0 			0 			0 			0 			3 			0 			10 			0 
			0 			6 			0 			11 			0 			0 			7 			0 			0 			0 			5 			0 			0 			0 			0 
			8 			6 			2 			11 			0 			0 			7 			0 			0 			0 			0 			0 			0 			10 			0 
			8 			6 			2 			0 			0 			0 			0 			0 			0 			9 			0 			0 			0 			0 			0 
			0 			6 			0 			11 			0 			0 			0 			0 			0 			0 			5 			3 			0 			10 			0 
			8 			6 			0 			0 			4 			0 			0 			0 			0 			9 			5 			3 			0 			0 			0 
			8 			6 			2 			11 			0 			1 			7 			0 			0 			0 			0 			3 			0 			0 			0 
			0 			0 			0 			11 			0 			0 			7 			0 			0 			0 			5 			0 			0 			10 			0 
			8 			0 			0 			0 			4 			1 			7 			0 			0 			9 			0 			3 			0 			10 			0 
			0 			6 			2 			11 			0 			0 			0 			0 			0 			9 			5 			0 			0 			10 			0 
			8 			0 			0 			11 			4 			0 			7 			0 			0 			9 			5 			0 			0 			10 			0 
