


	Problem Size (nT x nS x nH):5x20x4
	CPU Time(sec): 0
	Obj Value: 3

			0 			0 			0 			0 			0 			0 			0 			0 			0 			0 			0 			0 			0 			0 			0 			0 			0 			0 			0 			0 
			1 			-0 			-0 			-0 			-0 			-0 			-0 			1 			-0 			-0 			-0 			-0 			0 			1 			0 			-0 			-0 			-0 			-0 			-0 
			1 			-0 			-0 			-0 			-0 			-0 			-0 			1 			-0 			-0 			-0 			-0 			-0 			-0 			-0 			-0 			-0 			-0 			-0 			-0 
			1 			-0 			-0 			-0 			-0 			-0 			-0 			1 			-0 			-0 			-0 			-0 			-0 			-0 			-0 			-0 			-0 			-0 			-0 			-0 
			0 			-0 			-0 			-0 			-0 			-0 			-0 			1 			-0 			-0 			-0 			-0 			-0 			-0 			-0 			-0 			-0 			-0 			-0 			-0 

			quantidade de buracos 92

			 X[0][2] = 1
			 X[0][3] = 1
			 X[7][0] = 1
			 X[7][4] = 1
			 X[13][1] = 1


			0 			0 			0 			0 			0 			0 			0 			0 			0 			0 			0 			0 			0 			0 			0 			0 			0 			0 			0 			0 
			3 			0 			0 			0 			0 			0 			0 			4 			0 			0 			0 			0 			0 			1 			0 			0 			0 			0 			0 			0 
			2 			0 			0 			0 			0 			0 			0 			4 			0 			0 			0 			0 			0 			0 			0 			0 			0 			0 			0 			0 
			3 			0 			0 			0 			0 			0 			0 			0 			0 			0 			0 			0 			0 			0 			0 			0 			0 			0 			0 			0 
			0 			0 			0 			0 			0 			0 			0 			4 			0 			0 			0 			0 			0 			0 			0 			0 			0 			0 			0 			0 
