


	Problem Size (nT x nS x nH):10x10x16
	CPU Time(sec): 22
	Obj Value: 47

			0 			0 			0 			0 			0 			0 			0 			0 			0 			0 
			0 			0 			1 			1 			1 			1 			0 			1 			0 			0 
			0 			0 			0 			1 			0 			0 			0 			1 			1 			0 
			0 			0 			1 			0 			1 			1 			0 			0 			0 			0 
			1 			1 			0 			1 			0 			0 			0 			0 			1 			0 
			0 			0 			1 			0 			1 			1 			0 			0 			1 			1 
			0 			1 			0 			1 			1 			0 			0 			0 			0 			1 
			1 			0 			0 			0 			0 			0 			0 			0 			0 			0 
			0 			0 			1 			1 			1 			1 			1 			1 			0 			0 
			1 			1 			0 			1 			0 			0 			1 			0 			0 			1 
			1 			0 			0 			1 			1 			1 			1 			0 			1 			1 
			0 			0 			0 			0 			0 			0 			1 			0 			1 			1 
			0 			0 			0 			1 			0 			1 			0 			0 			1 			1 
			0 			0 			1 			0 			1 			0 			0 			1 			0 			1 
			1 			1 			1 			1 			0 			1 			0 			1 			1 			0 
			1 			1 			0 			1 			1 			0 			0 			0 			1 			1 
			0 			1 			1 			0 			0 			0 			1 			1 			1 			1 
			 X[0][6] = 1
			 X[1][5] = 1
			 X[2][7] = 1
			 X[3][3] = 1
			 X[4][1] = 1
			 X[5][4] = 1
			 X[6][2] = 1
			 X[7][9] = 1
			 X[8][0] = 1
			 X[9][8] = 1
