


	Problem Size (nT x nS x nH):12x12x16
	CPU Time(sec): 14
	Obj Value: 47

			0 			0 			0 			0 			0 			0 			0 			0 			0 			0 			0 			0 
			1 			0 			0 			1 			0 			1 			1 			0 			1 			0 			1 			0 
			0 			0 			0 			1 			0 			0 			0 			0 			1 			0 			1 			0 
			1 			0 			1 			1 			0 			0 			0 			1 			0 			1 			0 			0 
			0 			1 			0 			0 			0 			0 			1 			1 			0 			1 			0 			1 
			1 			0 			0 			0 			0 			1 			0 			0 			0 			1 			1 			1 
			0 			0 			1 			0 			0 			0 			0 			1 			0 			0 			0 			0 
			0 			0 			0 			0 			1 			1 			0 			1 			1 			1 			1 			1 
			0 			1 			1 			1 			1 			1 			1 			0 			1 			0 			1 			0 
			0 			0 			1 			0 			1 			0 			1 			0 			0 			1 			0 			0 
			0 			0 			1 			0 			1 			1 			0 			0 			0 			1 			0 			1 
			0 			1 			0 			1 			0 			1 			0 			0 			1 			0 			1 			0 
			1 			1 			0 			1 			1 			0 			1 			1 			1 			0 			1 			1 
			0 			1 			1 			0 			1 			0 			1 			1 			1 			0 			0 			0 
			1 			1 			0 			0 			1 			1 			1 			0 			1 			0 			0 			1 
			1 			1 			1 			1 			1 			1 			1 			0 			1 			0 			0 			0 
			1 			1 			0 			1 			0 			0 			1 			0 			1 			0 			1 			0 
			 X[0][3] = 1
			 X[1][8] = 1
			 X[2][6] = 1
			 X[3][9] = 1
			 X[4][2] = 1
			 X[5][10] = 1
			 X[6][4] = 1
			 X[7][11] = 1
			 X[8][1] = 1
			 X[9][0] = 1
			 X[10][7] = 1
			 X[11][5] = 1
