


	Problem Size (nT x nS x nH):7x6x11
	CPU Time(sec): 1
	Obj Value: 17

			0 			0 			0 			0 			0 			0 
			0 			1 			1 			1 			0 			0 
			1 			1 			0 			1 			0 			1 
			0 			1 			0 			0 			0 			0 
			0 			1 			0 			1 			0 			1 
			1 			1 			0 			0 			0 			0 
			0 			1 			1 			1 			0 			1 
			1 			1 			0 			0 			0 			1 
			1 			0 			0 			1 			0 			1 
			1 			0 			0 			0 			0 			0 
			0 			1 			0 			0 			0 			0 
			1 			1 			1 			1 			0 			0 
			 X[0][2] = 1
			 X[1][3] = 1
			 X[1][5] = 1
			 X[2][1] = 1
			 X[3][0] = 1
			 X[3][4] = 1
			 X[5][6] = 1
