


	Problem Size (nT x nS x nH):25x20x10
	CPU Time(sec): 59
	Obj Value: 51

			0 			0 			0 			0 			0 			0 			0 			0 			0 			0 			0 			0 			0 			0 			0 			0 			0 			0 			0 			0 
			0 			1 			1 			0 			0 			0 			1 			1 			1 			0 			0 			1 			0 			1 			0 			1 			-0 			0 			1 			1 
			0 			-0 			0 			1 			1 			1 			1 			0 			0 			1 			0 			0 			1 			1 			0 			1 			1 			0 			0 			1 
			0 			1 			0 			1 			0 			1 			-0 			1 			0 			0 			0 			1 			1 			1 			0 			-0 			1 			0 			0 			1 
			0 			1 			0 			1 			1 			1 			1 			0 			1 			1 			0 			0 			1 			1 			0 			1 			1 			1 			1 			1 
			0 			1 			0 			-0 			1 			0 			1 			0 			0 			0 			1 			1 			0 			0 			0 			0 			1 			1 			1 			0 
			1 			1 			1 			1 			1 			1 			1 			0 			1 			1 			1 			1 			1 			1 			0 			0 			1 			1 			0 			1 
			1 			1 			1 			1 			1 			1 			1 			-0 			1 			1 			1 			1 			-0 			1 			0 			1 			1 			0 			-0 			1 
			1 			-0 			1 			1 			1 			0 			1 			1 			1 			0 			1 			1 			1 			1 			0 			1 			1 			1 			1 			1 
			0 			1 			1 			1 			1 			1 			1 			0 			1 			1 			0 			1 			1 			0 			0 			0 			1 			1 			0 			0 
			1 			1 			1 			1 			-0 			0 			1 			1 			0 			1 			1 			0 			0 			1 			0 			0 			0 			0 			1 			1 

			quantidade de buracos 99

			 X[0][20] = 1
			 X[1][21] = 1
			 X[2][9] = 1
			 X[3][5] = 1
			 X[3][17] = 1
			 X[4][2] = 1
			 X[5][16] = 1
			 X[6][6] = 1
			 X[6][10] = 1
			 X[7][1] = 1
			 X[8][7] = 1
			 X[8][12] = 1
			 X[9][11] = 1
			 X[10][14] = 1
			 X[11][0] = 1
			 X[11][3] = 1
			 X[12][23] = 1
			 X[13][15] = 1
			 X[13][24] = 1
			 X[15][19] = 1
			 X[16][8] = 1
			 X[17][18] = 1
			 X[18][13] = 1
			 X[19][4] = 1
			 X[19][22] = 1


			0 			0 			0 			0 			0 			0 			0 			0 			0 			0 			0 			0 			0 			0 			0 			0 			0 			0 			0 			0 
			0 			21 			9 			0 			0 			0 			10 			1 			7 			0 			0 			3 			0 			24 			0 			19 			0 			0 			13 			4 
			0 			0 			0 			5 			2 			16 			10 			0 			0 			11 			0 			0 			23 			15 			0 			19 			8 			0 			0 			22 
			0 			21 			0 			5 			0 			16 			0 			1 			0 			0 			0 			3 			23 			24 			0 			0 			8 			0 			0 			22 
			0 			21 			0 			17 			2 			16 			10 			0 			7 			11 			0 			0 			23 			15 			0 			19 			8 			18 			13 			4 
			0 			21 			0 			0 			2 			0 			10 			0 			0 			0 			14 			0 			0 			0 			0 			0 			8 			18 			13 			0 
			20 			21 			9 			5 			2 			16 			10 			0 			12 			11 			14 			3 			23 			15 			0 			0 			8 			18 			0 			4 
			20 			21 			9 			5 			2 			16 			10 			0 			7 			11 			14 			0 			0 			24 			0 			19 			8 			0 			0 			22 
			20 			0 			9 			17 			2 			0 			6 			1 			12 			0 			14 			3 			23 			24 			0 			19 			8 			18 			13 			22 
			0 			21 			9 			17 			2 			16 			6 			0 			12 			11 			0 			0 			23 			0 			0 			0 			8 			18 			0 			0 
			20 			21 			9 			5 			0 			0 			6 			1 			0 			11 			14 			0 			0 			15 			0 			0 			0 			0 			13 			22 
