


	Problem Size (nT x nS x nH):13x20x20
	CPU Time(sec): 204
	Obj Value: 72

			0 			0 			0 			0 			0 			0 			0 			0 			0 			0 			0 			0 			0 			0 			0 			0 			0 			0 			0 			0 
			0 			0 			0 			1 			0 			0 			1 			0 			0 			1 			0 			1 			0 			0 			0 			0 			1 			0 			0 			1 
			0 			1 			1 			0 			0 			0 			0 			0 			0 			0 			0 			0 			0 			1 			0 			0 			0 			1 			0 			0 
			0 			0 			0 			1 			0 			0 			1 			0 			0 			1 			0 			1 			0 			0 			0 			0 			1 			0 			0 			0 
			0 			1 			0 			0 			0 			0 			1 			1 			1 			0 			0 			1 			1 			0 			0 			0 			0 			0 			0 			0 
			0 			0 			0 			0 			0 			0 			1 			0 			0 			0 			0 			0 			0 			1 			0 			0 			0 			0 			0 			1 
			0 			1 			0 			1 			0 			0 			1 			0 			1 			0 			0 			1 			0 			1 			0 			0 			0 			0 			0 			0 
			0 			1 			0 			1 			0 			0 			1 			1 			1 			1 			0 			0 			0 			0 			0 			0 			1 			0 			0 			0 
			0 			0 			1 			1 			0 			0 			1 			1 			0 			0 			0 			1 			1 			0 			0 			0 			0 			1 			0 			1 
			0 			0 			0 			0 			0 			0 			0 			0 			0 			1 			0 			1 			0 			1 			0 			0 			1 			0 			0 			0 
			0 			0 			0 			0 			0 			0 			1 			0 			1 			1 			0 			0 			0 			0 			0 			0 			1 			1 			0 			0 
			0 			0 			1 			1 			0 			0 			0 			1 			0 			1 			0 			1 			0 			1 			0 			0 			1 			1 			0 			1 
			0 			0 			1 			1 			0 			0 			0 			1 			1 			0 			0 			1 			1 			0 			0 			0 			0 			0 			0 			1 
			0 			1 			0 			0 			0 			0 			1 			1 			0 			1 			0 			0 			1 			0 			0 			0 			1 			0 			0 			1 
			0 			1 			1 			1 			0 			0 			1 			1 			1 			0 			0 			1 			1 			0 			0 			0 			0 			0 			0 			1 
			0 			0 			0 			1 			0 			0 			1 			1 			1 			0 			0 			0 			1 			1 			0 			0 			1 			1 			0 			0 
			0 			0 			1 			1 			0 			0 			0 			1 			0 			1 			0 			0 			1 			0 			0 			0 			0 			1 			0 			1 
			0 			1 			1 			0 			0 			0 			1 			0 			0 			1 			0 			1 			0 			0 			0 			0 			1 			0 			0 			1 
			0 			0 			1 			0 			0 			0 			0 			1 			0 			0 			0 			1 			1 			0 			0 			0 			1 			0 			0 			0 
			0 			0 			1 			0 			0 			0 			0 			1 			1 			1 			0 			0 			1 			1 			0 			0 			0 			1 			0 			0 
			0 			0 			1 			1 			0 			0 			0 			1 			1 			1 			0 			0 			0 			0 			0 			0 			0 			1 			0 			0 

			quantidade de buracos 294

			 X[1][8] = 1
			 X[2][0] = 1
			 X[3][7] = 1
			 X[6][1] = 1
			 X[7][5] = 1
			 X[8][12] = 1
			 X[9][4] = 1
			 X[11][9] = 1
			 X[12][2] = 1
			 X[13][6] = 1
			 X[16][10] = 1
			 X[17][11] = 1
			 X[19][3] = 1


			0 			0 			0 			0 			0 			0 			0 			0 			0 			0 			0 			0 			0 			0 			0 			0 			0 			0 			0 			0 
			0 			0 			0 			7 			0 			0 			1 			0 			0 			4 			0 			9 			0 			0 			0 			0 			10 			0 			0 			3 
			0 			8 			0 			0 			0 			0 			0 			0 			0 			0 			0 			0 			0 			6 			0 			0 			0 			11 			0 			0 
			0 			0 			0 			7 			0 			0 			1 			0 			0 			4 			0 			9 			0 			0 			0 			0 			10 			0 			0 			0 
			0 			8 			0 			0 			0 			0 			1 			5 			12 			0 			0 			9 			2 			0 			0 			0 			0 			0 			0 			0 
			0 			0 			0 			0 			0 			0 			1 			0 			0 			0 			0 			0 			0 			6 			0 			0 			0 			0 			0 			3 
			0 			8 			0 			7 			0 			0 			1 			0 			12 			0 			0 			9 			0 			6 			0 			0 			0 			0 			0 			0 
			0 			8 			0 			7 			0 			0 			1 			5 			12 			4 			0 			0 			0 			0 			0 			0 			10 			0 			0 			0 
			0 			0 			0 			7 			0 			0 			1 			5 			0 			0 			0 			9 			2 			0 			0 			0 			0 			11 			0 			3 
			0 			0 			0 			0 			0 			0 			0 			0 			0 			4 			0 			9 			0 			6 			0 			0 			10 			0 			0 			0 
			0 			0 			0 			0 			0 			0 			1 			0 			12 			4 			0 			0 			0 			0 			0 			0 			10 			11 			0 			0 
			0 			0 			0 			7 			0 			0 			0 			5 			0 			4 			0 			9 			0 			6 			0 			0 			10 			11 			0 			3 
			0 			0 			0 			7 			0 			0 			0 			5 			12 			0 			0 			9 			2 			0 			0 			0 			0 			0 			0 			3 
			0 			8 			0 			0 			0 			0 			1 			5 			0 			4 			0 			0 			2 			0 			0 			0 			10 			0 			0 			3 
			0 			8 			0 			7 			0 			0 			1 			5 			12 			0 			0 			9 			2 			0 			0 			0 			0 			0 			0 			3 
			0 			0 			0 			7 			0 			0 			1 			5 			12 			0 			0 			0 			2 			6 			0 			0 			10 			11 			0 			0 
			0 			0 			0 			7 			0 			0 			0 			5 			0 			4 			0 			0 			2 			0 			0 			0 			0 			11 			0 			3 
			0 			8 			0 			0 			0 			0 			1 			0 			0 			4 			0 			9 			0 			0 			0 			0 			10 			0 			0 			3 
			0 			0 			0 			0 			0 			0 			0 			5 			0 			0 			0 			9 			2 			0 			0 			0 			10 			0 			0 			0 
			0 			0 			0 			0 			0 			0 			0 			5 			12 			4 			0 			0 			2 			6 			0 			0 			0 			11 			0 			0 
			0 			0 			0 			7 			0 			0 			0 			5 			12 			4 			0 			0 			0 			0 			0 			0 			0 			11 			0 			0 
