


	Problem Size (nT x nS x nH):29x30x30
	CPU Time(sec): 79
	Obj Value: 226

			0 			0 			0 			0 			0 			0 			0 			0 			0 			0 			0 			0 			0 			0 			0 			0 			0 			0 			0 			0 			0 			0 			0 			0 			0 			0 			0 			0 			0 			0 
			0 			0 			1 			0 			1 			0 			1 			0 			0 			0 			0 			0 			1 			0 			1 			1 			0 			0 			1 			0 			1 			1 			0 			0 			1 			0 			1 			0 			0 			0 
			1 			0 			0 			1 			0 			0 			0 			1 			0 			0 			1 			0 			0 			1 			0 			1 			0 			0 			1 			0 			1 			1 			1 			0 			1 			1 			0 			0 			0 			0 
			0 			1 			0 			0 			1 			0 			1 			0 			0 			0 			1 			1 			0 			0 			1 			1 			0 			1 			0 			0 			0 			0 			0 			1 			1 			0 			0 			1 			1 			0 
			1 			0 			0 			1 			1 			1 			1 			1 			0 			0 			1 			0 			1 			0 			1 			0 			1 			0 			1 			0 			1 			1 			0 			0 			0 			0 			1 			0 			0 			0 
			0 			0 			0 			1 			1 			1 			1 			0 			1 			0 			0 			0 			0 			1 			1 			1 			1 			0 			0 			1 			0 			0 			0 			1 			1 			1 			0 			1 			0 			1 
			1 			1 			1 			0 			1 			1 			1 			0 			0 			0 			1 			1 			0 			1 			1 			1 			0 			0 			1 			0 			1 			0 			0 			1 			1 			0 			1 			1 			0 			0 
			1 			0 			1 			0 			1 			0 			1 			0 			1 			0 			1 			1 			1 			0 			0 			1 			1 			1 			0 			0 			1 			1 			0 			1 			1 			1 			1 			1 			0 			1 
			0 			0 			0 			0 			0 			1 			1 			1 			1 			0 			1 			0 			1 			0 			1 			0 			1 			1 			0 			0 			0 			0 			0 			0 			0 			1 			1 			1 			1 			0 
			1 			0 			0 			0 			0 			0 			1 			1 			1 			0 			1 			0 			0 			0 			1 			0 			0 			1 			0 			0 			1 			1 			1 			0 			1 			0 			0 			1 			1 			1 
			1 			0 			0 			1 			1 			1 			0 			0 			1 			0 			1 			0 			1 			1 			0 			0 			0 			0 			1 			0 			0 			0 			0 			1 			0 			1 			0 			0 			0 			1 
			0 			1 			0 			1 			1 			0 			1 			1 			0 			0 			0 			0 			0 			1 			1 			0 			0 			0 			1 			1 			1 			1 			1 			0 			0 			1 			1 			0 			0 			1 
			1 			0 			0 			0 			0 			0 			1 			1 			0 			0 			1 			1 			1 			1 			1 			0 			1 			1 			0 			0 			0 			1 			1 			0 			1 			0 			1 			1 			1 			0 
			0 			0 			1 			1 			1 			1 			1 			0 			1 			0 			1 			1 			1 			0 			1 			1 			1 			1 			0 			0 			1 			1 			1 			0 			1 			0 			0 			1 			1 			0 
			0 			0 			0 			1 			1 			0 			0 			1 			1 			0 			0 			0 			0 			1 			0 			0 			0 			0 			0 			1 			1 			1 			0 			0 			1 			0 			1 			0 			1 			0 
			1 			1 			1 			0 			0 			1 			0 			1 			0 			0 			1 			1 			1 			1 			1 			0 			1 			0 			0 			1 			1 			1 			0 			1 			1 			1 			1 			1 			0 			0 
			0 			0 			0 			0 			0 			1 			0 			1 			0 			0 			0 			1 			1 			1 			0 			1 			1 			0 			0 			1 			0 			0 			1 			0 			0 			1 			0 			0 			1 			0 
			0 			1 			1 			0 			1 			0 			1 			0 			0 			0 			1 			1 			0 			0 			0 			0 			1 			1 			0 			0 			1 			0 			1 			1 			1 			1 			0 			1 			0 			0 
			1 			1 			1 			1 			0 			0 			1 			1 			0 			0 			0 			0 			0 			1 			1 			1 			0 			0 			1 			0 			1 			0 			0 			1 			1 			1 			0 			0 			1 			1 
			1 			0 			1 			0 			0 			1 			0 			1 			1 			0 			1 			1 			0 			0 			1 			0 			0 			1 			1 			0 			0 			0 			0 			0 			0 			1 			1 			1 			1 			0 
			0 			1 			1 			0 			1 			0 			1 			1 			1 			0 			1 			1 			1 			0 			1 			0 			1 			1 			1 			1 			0 			1 			0 			0 			0 			0 			0 			0 			1 			0 
			1 			0 			1 			1 			1 			1 			0 			1 			0 			0 			1 			0 			1 			0 			1 			1 			1 			1 			0 			1 			1 			0 			0 			0 			0 			0 			1 			0 			1 			1 
			1 			1 			0 			1 			1 			0 			1 			0 			1 			0 			1 			0 			1 			1 			1 			0 			0 			0 			1 			1 			1 			1 			0 			1 			0 			0 			1 			1 			0 			0 
			1 			0 			0 			1 			0 			0 			1 			0 			1 			0 			0 			1 			1 			1 			0 			0 			1 			0 			0 			1 			1 			0 			1 			0 			0 			1 			0 			0 			1 			0 
			0 			1 			0 			1 			0 			1 			1 			1 			0 			0 			1 			1 			0 			0 			1 			0 			0 			0 			1 			0 			0 			1 			0 			0 			1 			0 			1 			0 			1 			0 
			1 			0 			1 			1 			1 			0 			1 			1 			0 			0 			0 			0 			1 			0 			0 			1 			1 			1 			1 			0 			1 			1 			1 			1 			0 			1 			1 			0 			1 			1 
			0 			0 			0 			1 			1 			0 			1 			0 			1 			0 			0 			1 			1 			0 			1 			1 			1 			0 			0 			0 			0 			0 			0 			0 			1 			1 			0 			0 			0 			0 
			1 			1 			0 			1 			1 			1 			0 			1 			0 			0 			0 			0 			0 			0 			1 			1 			0 			1 			0 			0 			1 			0 			1 			1 			1 			0 			0 			1 			0 			1 
			0 			1 			0 			1 			1 			1 			0 			0 			1 			0 			1 			0 			0 			1 			0 			1 			0 			0 			0 			0 			0 			1 			1 			0 			0 			0 			0 			0 			1 			1 
			0 			1 			1 			0 			1 			1 			0 			1 			1 			0 			0 			1 			0 			1 			0 			0 			0 			0 			0 			0 			1 			1 			1 			0 			0 			0 			0 			1 			0 			1 
			0 			1 			1 			0 			0 			0 			0 			0 			0 			0 			0 			1 			0 			0 			1 			0 			0 			0 			1 			0 			1 			0 			1 			1 			0 			1 			1 			1 			0 			0 

			quantidade de buracos 499

			 X[0][26] = 1
			 X[1][16] = 1
			 X[2][10] = 1
			 X[3][11] = 1
			 X[4][21] = 1
			 X[5][5] = 1
			 X[6][13] = 1
			 X[7][6] = 1
			 X[8][20] = 1
			 X[10][15] = 1
			 X[11][0] = 1
			 X[12][9] = 1
			 X[13][12] = 1
			 X[14][27] = 1
			 X[15][24] = 1
			 X[16][23] = 1
			 X[17][28] = 1
			 X[18][1] = 1
			 X[19][17] = 1
			 X[20][7] = 1
			 X[21][4] = 1
			 X[22][22] = 1
			 X[23][25] = 1
			 X[24][19] = 1
			 X[25][18] = 1
			 X[26][3] = 1
			 X[27][14] = 1
			 X[28][8] = 1
			 X[29][2] = 1


			0 			0 			0 			0 			0 			0 			0 			0 			0 			0 			0 			0 			0 			0 			0 			0 			0 			0 			0 			0 			0 			0 			0 			0 			0 			0 			0 			0 			0 			0 
			0 			0 			10 			0 			21 			0 			13 			0 			0 			0 			0 			0 			9 			0 			27 			24 			0 			0 			1 			0 			7 			4 			0 			0 			19 			0 			3 			0 			0 			0 
			26 			0 			0 			11 			0 			0 			0 			6 			0 			0 			15 			0 			0 			12 			0 			24 			0 			0 			1 			0 			7 			4 			22 			0 			19 			18 			0 			0 			0 			0 
			0 			16 			0 			0 			21 			0 			13 			0 			0 			0 			15 			0 			0 			0 			27 			24 			0 			28 			0 			0 			0 			0 			0 			25 			19 			0 			0 			14 			8 			0 
			26 			0 			0 			11 			21 			5 			13 			6 			0 			0 			15 			0 			9 			0 			27 			0 			23 			0 			1 			0 			7 			4 			0 			0 			0 			0 			3 			0 			0 			0 
			0 			0 			0 			11 			21 			5 			13 			0 			20 			0 			0 			0 			0 			12 			27 			24 			23 			0 			0 			17 			0 			0 			0 			25 			19 			18 			0 			14 			0 			2 
			26 			16 			10 			0 			21 			5 			13 			0 			0 			0 			15 			0 			0 			12 			27 			24 			0 			0 			1 			0 			7 			0 			0 			25 			19 			0 			3 			14 			0 			0 
			26 			0 			10 			0 			21 			0 			13 			0 			20 			0 			15 			0 			9 			0 			0 			24 			23 			28 			0 			0 			7 			4 			0 			25 			19 			18 			3 			14 			0 			2 
			0 			0 			0 			0 			0 			5 			13 			6 			20 			0 			15 			0 			9 			0 			27 			0 			23 			28 			0 			0 			0 			0 			0 			0 			0 			18 			3 			14 			8 			0 
			26 			0 			0 			0 			0 			0 			13 			6 			20 			0 			15 			0 			0 			0 			27 			0 			0 			28 			0 			0 			7 			4 			22 			0 			19 			0 			0 			14 			8 			2 
			26 			0 			0 			11 			21 			5 			0 			0 			20 			0 			15 			0 			9 			12 			0 			0 			0 			0 			1 			0 			0 			0 			0 			25 			0 			18 			0 			0 			0 			2 
			0 			16 			0 			11 			21 			0 			13 			6 			0 			0 			0 			0 			0 			12 			27 			0 			0 			0 			1 			17 			7 			4 			22 			0 			0 			18 			3 			0 			0 			2 
			26 			0 			0 			0 			0 			0 			13 			6 			0 			0 			15 			0 			9 			12 			27 			0 			23 			28 			0 			0 			0 			4 			22 			0 			19 			0 			3 			14 			8 			0 
			0 			0 			10 			11 			21 			5 			13 			0 			20 			0 			15 			0 			9 			0 			27 			24 			23 			28 			0 			0 			7 			4 			22 			0 			19 			0 			0 			14 			8 			0 
			0 			0 			0 			11 			21 			0 			0 			6 			20 			0 			0 			0 			0 			12 			0 			0 			0 			0 			0 			17 			7 			4 			0 			0 			19 			0 			3 			0 			8 			0 
			26 			16 			10 			0 			0 			5 			0 			6 			0 			0 			15 			0 			9 			12 			27 			0 			23 			0 			0 			17 			7 			4 			0 			25 			19 			18 			3 			14 			0 			0 
			0 			0 			0 			0 			0 			5 			0 			6 			0 			0 			0 			0 			9 			12 			0 			24 			23 			0 			0 			17 			0 			0 			22 			0 			0 			18 			0 			0 			8 			0 
			0 			16 			10 			0 			21 			0 			13 			0 			0 			0 			15 			0 			0 			0 			0 			0 			23 			28 			0 			0 			7 			0 			22 			25 			19 			18 			0 			14 			0 			0 
			26 			16 			10 			11 			0 			0 			13 			6 			0 			0 			0 			0 			0 			12 			27 			24 			0 			0 			1 			0 			7 			0 			0 			25 			19 			18 			0 			0 			8 			2 
			26 			0 			10 			0 			0 			5 			0 			6 			20 			0 			15 			0 			0 			0 			27 			0 			0 			28 			1 			0 			0 			0 			0 			0 			0 			18 			3 			14 			8 			0 
			0 			16 			10 			0 			21 			0 			13 			6 			20 			0 			15 			0 			9 			0 			27 			0 			23 			28 			1 			17 			0 			4 			0 			0 			0 			0 			0 			0 			8 			0 
			26 			0 			10 			11 			21 			5 			0 			6 			0 			0 			15 			0 			9 			0 			27 			24 			23 			28 			0 			17 			7 			0 			0 			0 			0 			0 			3 			0 			8 			2 
			26 			16 			0 			11 			21 			0 			13 			0 			20 			0 			15 			0 			9 			12 			27 			0 			0 			0 			1 			17 			7 			4 			0 			25 			0 			0 			3 			14 			0 			0 
			26 			0 			0 			11 			0 			0 			13 			0 			20 			0 			0 			0 			9 			12 			0 			0 			23 			0 			0 			17 			7 			0 			22 			0 			0 			18 			0 			0 			8 			0 
			0 			16 			0 			11 			0 			5 			13 			6 			0 			0 			15 			0 			0 			0 			27 			0 			0 			0 			1 			0 			0 			4 			0 			0 			19 			0 			3 			0 			8 			0 
			26 			0 			10 			11 			21 			0 			13 			6 			0 			0 			0 			0 			9 			0 			0 			24 			23 			28 			1 			0 			7 			4 			22 			25 			0 			18 			3 			0 			8 			2 
			0 			0 			0 			11 			21 			0 			13 			0 			20 			0 			0 			0 			9 			0 			27 			24 			23 			0 			0 			0 			0 			0 			0 			0 			19 			18 			0 			0 			0 			0 
			26 			16 			0 			11 			21 			5 			0 			6 			0 			0 			0 			0 			0 			0 			27 			24 			0 			28 			0 			0 			7 			0 			22 			25 			19 			0 			0 			14 			0 			2 
			0 			16 			0 			11 			21 			5 			0 			0 			20 			0 			15 			0 			0 			12 			0 			24 			0 			0 			0 			0 			0 			4 			22 			0 			0 			0 			0 			0 			8 			2 
			0 			16 			10 			0 			21 			5 			0 			6 			20 			0 			0 			0 			0 			12 			0 			0 			0 			0 			0 			0 			7 			4 			22 			0 			0 			0 			0 			14 			0 			2 
			0 			16 			10 			0 			0 			0 			0 			0 			0 			0 			0 			0 			0 			0 			27 			0 			0 			0 			1 			0 			7 			0 			22 			25 			0 			18 			3 			14 			0 			0 
