


	Problem Size (nT x nS x nH):5x5x10
	CPU Time(sec): 1
	Obj Value: 12

			0 			0 			0 			0 			0 
			1 			1 			1 			0 			0 
			1 			1 			0 			0 			0 
			0 			0 			1 			0 			1 
			1 			0 			0 			0 			0 
			1 			1 			0 			0 			0 
			0 			1 			0 			0 			0 
			0 			0 			1 			0 			1 
			0 			1 			0 			0 			1 
			1 			1 			0 			0 			1 
			0 			1 			1 			0 			0 

			quantidade de buracos 35

			 X[0][4] = 1
			 X[1][1] = 1
			 X[1][2] = 1
			 X[2][3] = 1
			 X[4][0] = 1


			0 			0 			0 			0 			0 
			4 			1 			3 			0 			0 
			4 			2 			0 			0 			0 
			0 			0 			3 			0 			0 
			4 			0 			0 			0 			0 
			4 			1 			0 			0 			0 
			0 			2 			0 			0 			0 
			0 			0 			3 			0 			0 
			0 			1 			0 			0 			0 
			4 			1 			0 			0 			0 
			0 			2 			3 			0 			0 
