


	Problem Size (nT x nS x nH):20x20x71
	CPU Time(sec): 7
	Obj Value: 20

			0 			0 			0 			0 			0 			0 			0 			0 			0 			0 			0 			0 			0 			0 			0 			0 			0 			0 			0 			0 
			1 			1 			1 			1 			1 			1 			1 			1 			1 			1 			1 			1 			1 			1 			1 			1 			1 			1 			1 			1 
			1 			1 			1 			1 			1 			1 			1 			1 			1 			1 			1 			1 			1 			1 			1 			1 			1 			1 			1 			1 
			1 			1 			1 			1 			1 			1 			1 			1 			1 			1 			1 			1 			1 			1 			1 			1 			1 			1 			1 			1 
			1 			1 			1 			1 			1 			1 			1 			1 			1 			1 			1 			1 			1 			1 			1 			1 			1 			1 			1 			1 
			1 			1 			1 			1 			1 			1 			1 			1 			1 			1 			1 			1 			1 			1 			1 			1 			1 			1 			1 			1 
			1 			1 			1 			1 			1 			1 			1 			1 			1 			1 			1 			1 			1 			1 			1 			1 			1 			1 			1 			1 
			1 			1 			1 			1 			1 			1 			1 			1 			1 			1 			1 			1 			1 			1 			1 			1 			1 			1 			1 			1 
			1 			1 			1 			1 			1 			1 			1 			1 			1 			1 			1 			1 			1 			1 			1 			1 			1 			1 			1 			1 
			1 			1 			1 			1 			1 			1 			1 			1 			1 			1 			1 			1 			1 			1 			1 			1 			1 			1 			1 			1 
			1 			1 			1 			1 			1 			1 			1 			1 			1 			1 			1 			1 			1 			1 			1 			1 			1 			1 			1 			1 
			1 			1 			1 			1 			1 			1 			1 			1 			1 			1 			1 			1 			1 			1 			1 			1 			1 			1 			1 			1 
			1 			1 			1 			1 			1 			1 			1 			1 			1 			1 			1 			1 			1 			1 			1 			1 			1 			1 			1 			1 
			1 			1 			1 			1 			1 			1 			1 			1 			1 			1 			1 			1 			1 			1 			1 			1 			1 			1 			1 			1 
			1 			1 			1 			1 			1 			1 			1 			1 			1 			1 			1 			1 			1 			1 			1 			1 			1 			1 			1 			1 
			1 			1 			1 			1 			1 			1 			1 			1 			1 			1 			1 			1 			1 			1 			1 			1 			1 			1 			1 			1 
			1 			1 			1 			1 			1 			1 			1 			1 			1 			1 			1 			1 			1 			1 			1 			1 			1 			1 			1 			1 
			1 			1 			1 			1 			1 			1 			1 			1 			1 			1 			1 			1 			1 			1 			1 			1 			1 			1 			1 			1 
			1 			1 			1 			1 			1 			1 			1 			1 			1 			1 			1 			1 			1 			1 			1 			1 			1 			1 			1 			1 
			1 			1 			1 			1 			1 			1 			1 			1 			1 			1 			1 			1 			1 			1 			1 			1 			1 			1 			1 			1 
			1 			1 			1 			1 			1 			1 			1 			1 			1 			1 			1 			1 			1 			1 			1 			1 			1 			1 			1 			1 
			1 			1 			1 			1 			1 			1 			1 			1 			1 			1 			1 			1 			1 			1 			1 			1 			1 			1 			1 			1 
			1 			1 			1 			1 			1 			1 			1 			1 			1 			1 			1 			1 			1 			1 			1 			1 			1 			1 			1 			1 
			1 			1 			1 			1 			1 			1 			1 			1 			1 			1 			1 			1 			1 			1 			1 			1 			1 			1 			1 			1 
			1 			1 			1 			1 			1 			1 			1 			1 			1 			1 			1 			1 			1 			1 			1 			1 			1 			1 			1 			1 
			1 			1 			1 			1 			1 			1 			1 			1 			1 			1 			1 			1 			1 			1 			1 			1 			1 			1 			1 			1 
			1 			1 			1 			1 			1 			1 			1 			1 			1 			1 			1 			1 			1 			1 			1 			1 			1 			1 			1 			1 
			1 			1 			1 			1 			1 			1 			1 			1 			1 			1 			1 			1 			1 			1 			1 			1 			1 			1 			1 			1 
			1 			1 			1 			1 			1 			1 			1 			1 			1 			1 			1 			1 			1 			1 			1 			1 			1 			1 			1 			1 
			1 			1 			1 			1 			1 			1 			1 			1 			1 			1 			1 			1 			1 			1 			1 			1 			1 			1 			1 			1 
			1 			1 			1 			1 			1 			1 			1 			1 			1 			1 			1 			1 			1 			1 			1 			1 			1 			1 			1 			1 
			1 			1 			1 			1 			1 			1 			1 			1 			1 			1 			1 			1 			1 			1 			1 			1 			1 			1 			1 			1 
			1 			1 			1 			1 			1 			1 			1 			1 			1 			1 			1 			1 			1 			1 			1 			1 			1 			1 			1 			1 
			1 			1 			1 			1 			1 			1 			1 			1 			1 			1 			1 			1 			1 			1 			1 			1 			1 			1 			1 			1 
			1 			1 			1 			1 			1 			1 			1 			1 			1 			1 			1 			1 			1 			1 			1 			1 			1 			1 			1 			1 
			1 			1 			1 			1 			1 			1 			1 			1 			1 			1 			1 			1 			1 			1 			1 			1 			1 			1 			1 			1 
			1 			1 			1 			1 			1 			1 			1 			1 			1 			1 			1 			1 			1 			1 			1 			1 			1 			1 			1 			1 
			1 			1 			1 			1 			1 			1 			1 			1 			1 			1 			1 			1 			1 			1 			1 			1 			1 			1 			1 			1 
			1 			1 			1 			1 			1 			1 			1 			1 			1 			1 			1 			1 			1 			1 			1 			1 			1 			1 			1 			1 
			1 			1 			1 			1 			1 			1 			1 			1 			1 			1 			1 			1 			1 			1 			1 			1 			1 			1 			1 			1 
			1 			1 			1 			1 			1 			1 			1 			1 			1 			1 			1 			1 			1 			1 			1 			1 			1 			1 			1 			1 
			1 			1 			1 			1 			1 			1 			1 			1 			1 			1 			1 			1 			1 			1 			1 			1 			1 			1 			1 			1 
			1 			1 			1 			1 			1 			1 			1 			1 			1 			1 			1 			1 			1 			1 			1 			1 			1 			1 			1 			1 
			1 			1 			1 			1 			1 			1 			1 			1 			1 			1 			1 			1 			1 			1 			1 			1 			1 			1 			1 			1 
			1 			1 			1 			1 			1 			1 			1 			1 			1 			1 			1 			1 			1 			1 			1 			1 			1 			1 			1 			1 
			1 			1 			1 			1 			1 			1 			1 			1 			1 			1 			1 			1 			1 			1 			1 			1 			1 			1 			1 			1 
			1 			1 			1 			1 			1 			1 			1 			1 			1 			1 			1 			1 			1 			1 			1 			1 			1 			1 			1 			1 
			1 			1 			1 			1 			1 			1 			1 			1 			1 			1 			1 			1 			1 			1 			1 			1 			1 			1 			1 			1 
			1 			1 			1 			1 			1 			1 			1 			1 			1 			1 			1 			1 			1 			1 			1 			1 			1 			1 			1 			1 
			1 			1 			1 			1 			1 			1 			1 			1 			1 			1 			1 			1 			1 			1 			1 			1 			1 			1 			1 			1 
			1 			1 			1 			1 			1 			1 			1 			1 			1 			1 			1 			1 			1 			1 			1 			1 			1 			1 			1 			1 
			1 			1 			1 			1 			1 			1 			1 			1 			1 			1 			1 			1 			1 			1 			1 			1 			1 			1 			1 			1 
			1 			1 			1 			1 			1 			1 			1 			1 			1 			1 			1 			1 			1 			1 			1 			1 			1 			1 			1 			1 
			1 			1 			1 			1 			1 			1 			1 			1 			1 			1 			1 			1 			1 			1 			1 			1 			1 			1 			1 			1 
			1 			1 			1 			1 			1 			1 			1 			1 			1 			1 			1 			1 			1 			1 			1 			1 			1 			1 			1 			1 
			1 			1 			1 			1 			1 			1 			1 			1 			1 			1 			1 			1 			1 			1 			1 			1 			1 			1 			1 			1 
			1 			1 			1 			1 			1 			1 			1 			1 			1 			1 			1 			1 			1 			1 			1 			1 			1 			1 			1 			1 
			1 			1 			1 			1 			1 			1 			1 			1 			1 			1 			1 			1 			1 			1 			1 			1 			1 			1 			1 			1 
			1 			1 			1 			1 			1 			1 			1 			1 			1 			1 			1 			1 			1 			1 			1 			1 			1 			1 			1 			1 
			1 			1 			1 			1 			1 			1 			1 			1 			1 			1 			1 			1 			1 			1 			1 			1 			1 			1 			1 			1 
			1 			1 			1 			1 			1 			1 			1 			1 			1 			1 			1 			1 			1 			1 			1 			1 			1 			1 			1 			1 
			1 			1 			1 			1 			1 			1 			1 			1 			1 			1 			1 			1 			1 			1 			1 			1 			1 			1 			1 			1 
			1 			1 			1 			1 			1 			1 			1 			1 			1 			1 			1 			1 			1 			1 			1 			1 			1 			1 			1 			1 
			1 			1 			1 			1 			1 			1 			1 			1 			1 			1 			1 			1 			1 			1 			1 			1 			1 			1 			1 			1 
			1 			1 			1 			1 			1 			1 			1 			1 			1 			1 			1 			1 			1 			1 			1 			1 			1 			1 			1 			1 
			1 			1 			1 			1 			1 			1 			1 			1 			1 			1 			1 			1 			1 			1 			1 			1 			1 			1 			1 			1 
			1 			1 			1 			1 			1 			1 			1 			1 			1 			1 			1 			1 			1 			1 			1 			1 			1 			1 			1 			1 
			1 			1 			1 			1 			1 			1 			1 			1 			1 			1 			1 			1 			1 			1 			1 			1 			1 			1 			1 			1 
			1 			1 			1 			1 			1 			1 			1 			1 			1 			1 			1 			1 			1 			1 			1 			1 			1 			1 			1 			1 
			1 			1 			1 			1 			1 			1 			1 			1 			1 			1 			1 			1 			1 			1 			1 			1 			1 			1 			1 			1 
			-0 			-0 			1 			-0 			-0 			1 			-0 			1 			-0 			1 			1 			-0 			-0 			-0 			1 			1 			1 			1 			-0 			1 
			 X[0][19] = 1
			 X[1][1] = 1
			 X[2][11] = 1
			 X[3][6] = 1
			 X[4][18] = 1
			 X[5][3] = 1
			 X[6][9] = 1
			 X[7][14] = 1
			 X[8][13] = 1
			 X[9][0] = 1
			 X[10][4] = 1
			 X[11][15] = 1
			 X[12][5] = 1
			 X[13][2] = 1
			 X[14][10] = 1
			 X[15][16] = 1
			 X[16][17] = 1
			 X[17][12] = 1
			 X[18][7] = 1
			 X[19][8] = 1
