


	Problem Size (nT x nS x nH):20x20x10
	CPU Time(sec): 38
	Obj Value: 44

			0 			0 			0 			0 			0 			0 			0 			0 			0 			0 			0 			0 			0 			0 			0 			0 			0 			0 			0 			0 
			0 			1 			0 			0 			0 			0 			1 			0 			1 			1 			0 			0 			0 			1 			0 			1 			0 			1 			1 			0 
			0 			0 			0 			0 			0 			1 			0 			0 			1 			1 			0 			0 			0 			1 			0 			0 			1 			1 			1 			0 
			0 			0 			0 			0 			0 			0 			0 			1 			1 			1 			1 			0 			1 			1 			1 			0 			1 			0 			1 			0 
			1 			0 			0 			0 			1 			0 			1 			0 			1 			1 			0 			0 			0 			0 			1 			0 			0 			0 			0 			1 
			1 			1 			0 			0 			0 			1 			1 			0 			1 			1 			1 			0 			1 			0 			1 			1 			0 			1 			0 			1 
			0 			0 			0 			0 			0 			0 			1 			1 			1 			0 			1 			0 			1 			0 			0 			0 			0 			1 			0 			1 
			0 			0 			0 			0 			1 			1 			1 			0 			1 			1 			1 			0 			0 			0 			0 			1 			1 			1 			1 			1 
			1 			1 			0 			0 			1 			0 			1 			1 			0 			1 			1 			0 			1 			0 			0 			1 			1 			1 			1 			0 
			1 			0 			0 			0 			1 			1 			0 			1 			0 			1 			0 			0 			1 			1 			1 			1 			0 			1 			1 			1 
			1 			1 			0 			0 			1 			0 			1 			0 			1 			1 			1 			0 			1 			1 			0 			1 			1 			0 			1 			1 

			quantidade de buracos 122

			 X[0][12] = 1
			 X[1][3] = 1
			 X[4][17] = 1
			 X[5][16] = 1
			 X[6][2] = 1
			 X[6][19] = 1
			 X[7][0] = 1
			 X[8][13] = 1
			 X[9][6] = 1
			 X[9][7] = 1
			 X[10][8] = 1
			 X[12][18] = 1
			 X[13][4] = 1
			 X[14][11] = 1
			 X[15][5] = 1
			 X[15][9] = 1
			 X[16][15] = 1
			 X[17][10] = 1
			 X[18][1] = 1
			 X[19][14] = 1


			0 			0 			0 			0 			0 			0 			0 			0 			0 			0 			0 			0 			0 			0 			0 			0 			0 			0 			0 			0 
			0 			3 			0 			0 			0 			0 			19 			0 			13 			7 			0 			0 			0 			4 			0 			9 			0 			10 			1 			0 
			0 			0 			0 			0 			0 			16 			0 			0 			13 			7 			0 			0 			0 			4 			0 			0 			15 			10 			1 			0 
			0 			0 			0 			0 			0 			0 			0 			0 			13 			7 			8 			0 			18 			4 			11 			0 			15 			0 			1 			0 
			12 			0 			0 			0 			17 			0 			19 			0 			13 			6 			0 			0 			0 			0 			11 			0 			0 			0 			0 			14 
			12 			3 			0 			0 			0 			16 			2 			0 			13 			6 			8 			0 			18 			0 			11 			5 			0 			10 			0 			14 
			0 			0 			0 			0 			0 			0 			2 			0 			13 			0 			8 			0 			18 			0 			0 			0 			0 			10 			0 			14 
			0 			0 			0 			0 			17 			16 			19 			0 			13 			7 			8 			0 			0 			0 			0 			9 			15 			10 			1 			14 
			12 			3 			0 			0 			17 			0 			19 			0 			0 			6 			8 			0 			18 			0 			0 			5 			15 			10 			1 			0 
			12 			0 			0 			0 			17 			16 			0 			0 			0 			6 			0 			0 			18 			4 			11 			9 			0 			10 			1 			14 
			12 			3 			0 			0 			17 			0 			19 			0 			13 			7 			8 			0 			18 			4 			0 			9 			15 			0 			1 			14 
