


	Problem Size (nT x nS x nH):10x159
	CPU Time(sec): 0
	Obj Value: 6

			0 			0 			0 			0 			0 			0 			0 			0 			0 			0 			0 			0 			0 			0 			0 
			1 			1 			1 			1 			1 			1 			0 			0 			0 			0 			0 			0 			0 			0 			0 
			1 			1 			1 			1 			1 			1 			0 			0 			0 			0 			0 			0 			0 			0 			0 
			1 			1 			1 			1 			1 			1 			0 			0 			0 			0 			0 			0 			0 			0 			0 
			1 			1 			1 			1 			1 			1 			0 			0 			0 			0 			0 			0 			0 			0 			0 
			1 			1 			1 			1 			1 			1 			0 			0 			0 			0 			0 			0 			0 			0 			0 
			1 			1 			1 			1 			1 			1 			0 			0 			0 			0 			0 			0 			0 			0 			0 
			1 			1 			1 			1 			1 			1 			0 			0 			0 			0 			0 			0 			0 			0 			0 
			1 			1 			1 			1 			1 			1 			0 			0 			0 			0 			0 			0 			0 			0 			0 
			 X[0][0] = 1
			 X[0][2] = 1
			 X[1][1] = 1
			 X[1][6] = 1
			 X[2][3] = 1
			 X[3][4] = 1
			 X[3][5] = 1
			 X[4][7] = 1
			 X[5][8] = 1
			 X[5][9] = 1
