


	Problem Size (nT x nS x nH):10x15x71
	CPU Time(sec): 3
	Obj Value: 10

			0 			0 			0 			0 			0 			0 			0 			0 			0 			0 			0 			0 			0 			0 			0 
			1 			1 			0 			1 			0 			1 			1 			0 			1 			0 			1 			0 			1 			1 			1 
			1 			1 			0 			1 			0 			1 			1 			0 			1 			0 			1 			0 			1 			1 			1 
			1 			1 			0 			1 			0 			1 			1 			0 			1 			0 			1 			0 			1 			1 			1 
			1 			1 			0 			1 			0 			1 			1 			0 			1 			0 			1 			0 			1 			1 			1 
			1 			1 			0 			1 			0 			1 			1 			0 			1 			0 			1 			0 			1 			1 			1 
			1 			1 			0 			1 			0 			1 			1 			0 			1 			0 			1 			0 			1 			1 			1 
			1 			1 			0 			1 			0 			1 			1 			0 			1 			0 			1 			0 			1 			1 			1 
			1 			1 			0 			1 			0 			1 			1 			0 			1 			0 			1 			0 			1 			1 			1 
			1 			1 			0 			1 			0 			1 			1 			0 			1 			0 			1 			0 			1 			1 			1 
			1 			1 			0 			1 			0 			1 			1 			0 			1 			0 			1 			0 			1 			1 			1 
			1 			1 			0 			1 			0 			1 			1 			0 			1 			0 			1 			0 			1 			1 			1 
			1 			1 			0 			1 			0 			1 			1 			0 			1 			0 			1 			0 			1 			1 			1 
			1 			1 			0 			1 			0 			1 			1 			0 			1 			0 			1 			0 			1 			1 			1 
			1 			1 			0 			1 			0 			1 			1 			0 			1 			0 			1 			0 			1 			1 			1 
			1 			1 			0 			1 			0 			1 			1 			0 			1 			0 			1 			0 			1 			1 			1 
			1 			1 			0 			1 			0 			1 			1 			0 			1 			0 			1 			0 			1 			1 			1 
			1 			1 			0 			1 			0 			1 			1 			0 			1 			0 			1 			0 			1 			1 			1 
			1 			1 			0 			1 			0 			1 			1 			0 			1 			0 			1 			0 			1 			1 			1 
			1 			1 			0 			1 			0 			1 			1 			0 			1 			0 			1 			0 			1 			1 			1 
			1 			1 			0 			1 			0 			1 			1 			0 			1 			0 			1 			0 			1 			1 			1 
			1 			1 			0 			1 			0 			1 			1 			0 			1 			0 			1 			0 			1 			1 			1 
			1 			1 			0 			1 			0 			1 			1 			0 			1 			0 			1 			0 			1 			1 			1 
			1 			1 			0 			1 			0 			1 			1 			0 			1 			0 			1 			0 			1 			1 			1 
			1 			1 			0 			1 			0 			1 			1 			0 			1 			0 			1 			0 			1 			1 			1 
			1 			1 			0 			1 			0 			1 			1 			0 			1 			0 			1 			0 			1 			1 			1 
			1 			1 			0 			1 			0 			1 			1 			0 			1 			0 			1 			0 			1 			1 			1 
			1 			1 			0 			1 			0 			1 			1 			0 			1 			0 			1 			0 			1 			1 			1 
			1 			1 			0 			1 			0 			1 			1 			0 			1 			0 			1 			0 			1 			1 			1 
			1 			1 			0 			1 			0 			1 			1 			0 			1 			0 			1 			0 			1 			1 			1 
			1 			1 			0 			1 			0 			1 			1 			0 			1 			0 			1 			0 			1 			1 			1 
			1 			1 			0 			1 			0 			1 			1 			0 			1 			0 			1 			0 			1 			1 			1 
			1 			1 			0 			1 			0 			1 			1 			0 			1 			0 			1 			0 			1 			1 			1 
			1 			1 			0 			1 			0 			1 			1 			0 			1 			0 			1 			0 			1 			1 			1 
			1 			1 			0 			1 			0 			1 			1 			0 			1 			0 			1 			0 			1 			1 			1 
			1 			1 			0 			1 			0 			1 			1 			0 			1 			0 			1 			0 			1 			1 			1 
			1 			1 			0 			1 			0 			1 			1 			0 			1 			0 			1 			0 			1 			1 			1 
			1 			1 			0 			1 			0 			1 			1 			0 			1 			0 			1 			0 			1 			1 			1 
			1 			1 			0 			1 			0 			1 			1 			0 			1 			0 			1 			0 			1 			1 			1 
			1 			1 			0 			1 			0 			1 			1 			0 			1 			0 			1 			0 			1 			1 			1 
			1 			1 			0 			1 			0 			1 			1 			0 			1 			0 			1 			0 			1 			1 			1 
			1 			1 			0 			1 			0 			1 			1 			0 			1 			0 			1 			0 			1 			1 			1 
			1 			1 			0 			1 			0 			1 			1 			0 			1 			0 			1 			0 			1 			1 			1 
			1 			1 			0 			1 			0 			1 			1 			0 			1 			0 			1 			0 			1 			1 			1 
			1 			1 			0 			1 			0 			1 			1 			0 			1 			0 			1 			0 			1 			1 			1 
			1 			1 			0 			1 			0 			1 			1 			0 			1 			0 			1 			0 			1 			1 			1 
			1 			1 			0 			1 			0 			1 			1 			0 			1 			0 			1 			0 			1 			1 			1 
			1 			1 			0 			1 			0 			1 			1 			0 			1 			0 			1 			0 			1 			1 			1 
			1 			1 			0 			1 			0 			1 			1 			0 			1 			0 			1 			0 			1 			1 			1 
			1 			1 			0 			1 			0 			1 			1 			0 			1 			0 			1 			0 			1 			1 			1 
			1 			1 			0 			1 			0 			1 			1 			0 			1 			0 			1 			0 			1 			1 			1 
			1 			1 			0 			1 			0 			1 			1 			0 			1 			0 			1 			0 			1 			1 			1 
			1 			1 			0 			1 			0 			1 			1 			0 			1 			0 			1 			0 			1 			1 			1 
			1 			1 			0 			1 			0 			1 			1 			0 			1 			0 			1 			0 			1 			1 			1 
			1 			1 			0 			1 			0 			1 			1 			0 			1 			0 			1 			0 			1 			1 			1 
			1 			1 			0 			1 			0 			1 			1 			0 			1 			0 			1 			0 			1 			1 			1 
			1 			1 			0 			1 			0 			1 			1 			0 			1 			0 			1 			0 			1 			1 			1 
			1 			1 			0 			1 			0 			1 			1 			0 			1 			0 			1 			0 			1 			1 			1 
			1 			1 			0 			1 			0 			1 			1 			0 			1 			0 			1 			0 			1 			1 			1 
			1 			1 			0 			1 			0 			1 			1 			0 			1 			0 			1 			0 			1 			1 			1 
			1 			1 			0 			1 			0 			1 			1 			0 			1 			0 			1 			0 			1 			1 			1 
			1 			1 			0 			1 			0 			1 			1 			0 			1 			0 			1 			0 			1 			1 			1 
			1 			1 			0 			1 			0 			1 			1 			0 			1 			0 			1 			0 			1 			1 			1 
			1 			1 			0 			1 			0 			1 			1 			0 			1 			0 			1 			0 			1 			1 			1 
			1 			1 			0 			1 			0 			1 			1 			0 			1 			0 			1 			0 			1 			1 			1 
			1 			1 			0 			1 			0 			1 			1 			0 			1 			0 			1 			0 			1 			1 			1 
			1 			1 			0 			1 			0 			1 			1 			0 			1 			0 			1 			0 			1 			1 			1 
			1 			1 			0 			1 			0 			1 			1 			0 			1 			0 			1 			0 			1 			1 			1 
			1 			1 			0 			1 			0 			1 			1 			0 			1 			0 			1 			0 			1 			1 			1 
			1 			1 			0 			1 			0 			1 			1 			0 			1 			0 			1 			0 			1 			1 			1 
			1 			1 			0 			0 			0 			0 			1 			0 			0 			0 			1 			0 			0 			0 			0 
			 X[0][4] = 1
			 X[1][7] = 1
			 X[3][3] = 1
			 X[5][1] = 1
			 X[6][9] = 1
			 X[8][5] = 1
			 X[10][8] = 1
			 X[12][6] = 1
			 X[13][0] = 1
			 X[14][2] = 1
