


	Problem Size (nT x nS x nH):10x15x20
	CPU Time(sec): 20
	Obj Value: 57

			0 			0 			0 			0 			0 			0 			0 			0 			0 			0 			0 			0 			0 			0 			0 
			0 			1 			0 			1 			0 			0 			0 			1 			1 			0 			0 			0 			0 			1 			0 
			0 			0 			0 			1 			0 			0 			0 			0 			0 			0 			0 			0 			0 			1 			1 
			0 			1 			0 			0 			0 			0 			0 			1 			1 			0 			0 			0 			0 			0 			0 
			0 			0 			1 			0 			0 			0 			1 			0 			0 			0 			0 			0 			0 			1 			1 
			0 			1 			0 			0 			0 			0 			0 			1 			1 			1 			0 			0 			0 			0 			1 
			0 			1 			0 			0 			0 			0 			1 			0 			0 			1 			0 			0 			0 			1 			0 
			0 			0 			1 			0 			0 			0 			0 			0 			0 			0 			0 			0 			0 			0 			0 
			0 			1 			0 			1 			1 			0 			0 			1 			1 			0 			0 			0 			0 			1 			0 
			0 			0 			1 			0 			1 			0 			1 			0 			0 			1 			0 			0 			0 			1 			0 
			0 			1 			1 			0 			1 			0 			0 			1 			0 			1 			0 			0 			0 			1 			1 
			0 			0 			0 			0 			1 			0 			0 			0 			0 			1 			0 			0 			0 			0 			1 
			0 			0 			0 			0 			0 			0 			0 			1 			0 			1 			0 			0 			0 			1 			1 
			0 			1 			0 			1 			0 			0 			0 			0 			1 			1 			0 			0 			0 			0 			0 
			0 			0 			1 			1 			0 			0 			1 			1 			1 			0 			0 			0 			0 			1 			1 
			0 			1 			1 			0 			0 			0 			1 			0 			0 			1 			0 			0 			0 			1 			1 
			0 			0 			0 			1 			1 			0 			1 			0 			1 			1 			0 			0 			0 			0 			1 
			0 			1 			1 			1 			0 			0 			0 			1 			0 			0 			0 			0 			0 			0 			1 
			0 			1 			1 			0 			1 			0 			0 			1 			1 			1 			0 			0 			0 			0 			1 
			0 			1 			0 			1 			0 			0 			0 			1 			1 			1 			0 			0 			0 			1 			0 
			0 			0 			0 			1 			1 			0 			1 			1 			1 			1 			0 			0 			0 			1 			0 


			 X[1][1] = 1
			 X[2][6] = 1
			 X[3][9] = 1
			 X[4][2] = 1
			 X[6][5] = 1
			 X[7][4] = 1
			 X[8][7] = 1
			 X[9][8] = 1
			 X[13][3] = 1
			 X[14][0] = 1


			0 			0 			0 			0 			0 			0 			0 			0 			0 			0 			0 			0 			0 			0 			0 
			0 			1 			0 			9 			0 			0 			0 			4 			7 			0 			0 			0 			0 			3 			0 
			0 			0 			0 			9 			0 			0 			0 			0 			0 			0 			0 			0 			0 			3 			0 
			0 			1 			0 			0 			0 			0 			0 			4 			7 			0 			0 			0 			0 			0 			0 
			0 			0 			6 			0 			0 			0 			5 			0 			0 			0 			0 			0 			0 			3 			0 
			0 			1 			0 			0 			0 			0 			0 			4 			7 			8 			0 			0 			0 			0 			0 
			0 			1 			0 			0 			0 			0 			5 			0 			0 			8 			0 			0 			0 			3 			0 
			0 			0 			6 			0 			0 			0 			0 			0 			0 			0 			0 			0 			0 			0 			0 
			0 			1 			0 			9 			2 			0 			0 			4 			7 			0 			0 			0 			0 			3 			0 
			0 			0 			6 			0 			2 			0 			5 			0 			0 			8 			0 			0 			0 			3 			0 
			0 			1 			6 			0 			2 			0 			0 			4 			0 			8 			0 			0 			0 			3 			0 
			0 			0 			0 			0 			2 			0 			0 			0 			0 			8 			0 			0 			0 			0 			0 
			0 			0 			0 			0 			0 			0 			0 			4 			0 			8 			0 			0 			0 			3 			0 
			0 			1 			0 			9 			0 			0 			0 			0 			7 			8 			0 			0 			0 			0 			0 
			0 			0 			6 			9 			0 			0 			5 			4 			7 			0 			0 			0 			0 			3 			0 
			0 			1 			6 			0 			0 			0 			5 			0 			0 			8 			0 			0 			0 			3 			0 
			0 			0 			0 			9 			2 			0 			5 			0 			7 			8 			0 			0 			0 			0 			0 
			0 			1 			6 			9 			0 			0 			0 			4 			0 			0 			0 			0 			0 			0 			0 
			0 			1 			6 			0 			2 			0 			0 			4 			7 			8 			0 			0 			0 			0 			0 
			0 			1 			0 			9 			0 			0 			0 			4 			7 			8 			0 			0 			0 			3 			0 
			0 			0 			0 			9 			2 			0 			5 			4 			7 			8 			0 			0 			0 			3 			0 

			Buracos: 53 