


	Problem Size (nT x nS x nH):10x20x71
	CPU Time(sec): 4
	Obj Value: 10

			0 			0 			0 			0 			0 			0 			0 			0 			0 			0 			0 			0 			0 			0 			0 			0 			0 			0 			0 			0 
			0 			1 			1 			0 			1 			0 			0 			0 			0 			0 			0 			1 			1 			0 			1 			1 			0 			1 			1 			1 
			0 			1 			1 			0 			1 			0 			0 			0 			0 			0 			0 			1 			1 			0 			1 			1 			0 			1 			1 			1 
			0 			1 			1 			0 			1 			0 			0 			0 			0 			0 			0 			1 			1 			0 			1 			1 			0 			1 			1 			1 
			0 			1 			1 			0 			1 			0 			0 			0 			0 			0 			0 			1 			1 			0 			1 			1 			0 			1 			1 			1 
			0 			1 			1 			0 			1 			0 			0 			0 			0 			0 			0 			1 			1 			0 			1 			1 			0 			1 			1 			1 
			0 			1 			1 			0 			1 			0 			0 			0 			0 			0 			0 			1 			1 			0 			1 			1 			0 			1 			1 			1 
			0 			1 			1 			0 			1 			0 			0 			0 			0 			0 			0 			1 			1 			0 			1 			1 			0 			1 			1 			1 
			0 			1 			1 			0 			1 			0 			0 			0 			0 			0 			0 			1 			1 			0 			1 			1 			0 			1 			1 			1 
			0 			1 			1 			0 			1 			0 			0 			0 			0 			0 			0 			1 			1 			0 			1 			1 			0 			1 			1 			1 
			0 			1 			1 			0 			1 			0 			0 			0 			0 			0 			0 			1 			1 			0 			1 			1 			0 			1 			1 			1 
			0 			1 			1 			0 			1 			0 			0 			0 			0 			0 			0 			1 			1 			0 			1 			1 			0 			1 			1 			1 
			0 			1 			1 			0 			1 			0 			0 			0 			0 			0 			0 			1 			1 			0 			1 			1 			0 			1 			1 			1 
			0 			1 			1 			0 			1 			0 			0 			0 			0 			0 			0 			1 			1 			0 			1 			1 			0 			1 			1 			1 
			0 			1 			1 			0 			1 			0 			0 			0 			0 			0 			0 			1 			1 			0 			1 			1 			0 			1 			1 			1 
			0 			1 			1 			0 			1 			0 			0 			0 			0 			0 			0 			1 			1 			0 			1 			1 			0 			1 			1 			1 
			0 			1 			1 			0 			1 			0 			0 			0 			0 			0 			0 			1 			1 			0 			1 			1 			0 			1 			1 			1 
			0 			1 			1 			0 			1 			0 			0 			0 			0 			0 			0 			1 			1 			0 			1 			1 			0 			1 			1 			1 
			0 			1 			1 			0 			1 			0 			0 			0 			0 			0 			0 			1 			1 			0 			1 			1 			0 			1 			1 			1 
			0 			1 			1 			0 			1 			0 			0 			0 			0 			0 			0 			1 			1 			0 			1 			1 			0 			1 			1 			1 
			0 			1 			1 			0 			1 			0 			0 			0 			0 			0 			0 			1 			1 			0 			1 			1 			0 			1 			1 			1 
			0 			1 			1 			0 			1 			0 			0 			0 			0 			0 			0 			1 			1 			0 			1 			1 			0 			1 			1 			1 
			0 			1 			1 			0 			1 			0 			0 			0 			0 			0 			0 			1 			1 			0 			1 			1 			0 			1 			1 			1 
			0 			1 			1 			0 			1 			0 			0 			0 			0 			0 			0 			1 			1 			0 			1 			1 			0 			1 			1 			1 
			0 			1 			1 			0 			1 			0 			0 			0 			0 			0 			0 			1 			1 			0 			1 			1 			0 			1 			1 			1 
			0 			1 			1 			0 			1 			0 			0 			0 			0 			0 			0 			1 			1 			0 			1 			1 			0 			1 			1 			1 
			0 			1 			1 			0 			1 			0 			0 			0 			0 			0 			0 			1 			1 			0 			1 			1 			0 			1 			1 			1 
			0 			1 			1 			0 			1 			0 			0 			0 			0 			0 			0 			1 			1 			0 			1 			1 			0 			1 			1 			1 
			0 			1 			1 			0 			1 			0 			0 			0 			0 			0 			0 			1 			1 			0 			1 			1 			0 			1 			1 			1 
			0 			1 			1 			0 			1 			0 			0 			0 			0 			0 			0 			1 			1 			0 			1 			1 			0 			1 			1 			1 
			0 			1 			1 			0 			1 			0 			0 			0 			0 			0 			0 			1 			1 			0 			1 			1 			0 			1 			1 			1 
			0 			1 			1 			0 			1 			0 			0 			0 			0 			0 			0 			1 			1 			0 			1 			1 			0 			1 			1 			1 
			0 			1 			1 			0 			1 			0 			0 			0 			0 			0 			0 			1 			1 			0 			1 			1 			0 			1 			1 			1 
			0 			1 			1 			0 			1 			0 			0 			0 			0 			0 			0 			1 			1 			0 			1 			1 			0 			1 			1 			1 
			0 			1 			1 			0 			1 			0 			0 			0 			0 			0 			0 			1 			1 			0 			1 			1 			0 			1 			1 			1 
			0 			1 			1 			0 			1 			0 			0 			0 			0 			0 			0 			1 			1 			0 			1 			1 			0 			1 			1 			1 
			0 			1 			1 			0 			1 			0 			0 			0 			0 			0 			0 			1 			1 			0 			1 			1 			0 			1 			1 			1 
			0 			1 			1 			0 			1 			0 			0 			0 			0 			0 			0 			1 			1 			0 			1 			1 			0 			1 			1 			1 
			0 			1 			1 			0 			1 			0 			0 			0 			0 			0 			0 			1 			1 			0 			1 			1 			0 			1 			1 			1 
			0 			1 			1 			0 			1 			0 			0 			0 			0 			0 			0 			1 			1 			0 			1 			1 			0 			1 			1 			1 
			0 			1 			1 			0 			1 			0 			0 			0 			0 			0 			0 			1 			1 			0 			1 			1 			0 			1 			1 			1 
			0 			1 			1 			0 			1 			0 			0 			0 			0 			0 			0 			1 			1 			0 			1 			1 			0 			1 			1 			1 
			0 			1 			1 			0 			1 			0 			0 			0 			0 			0 			0 			1 			1 			0 			1 			1 			0 			1 			1 			1 
			0 			1 			1 			0 			1 			0 			0 			0 			0 			0 			0 			1 			1 			0 			1 			1 			0 			1 			1 			1 
			0 			1 			1 			0 			1 			0 			0 			0 			0 			0 			0 			1 			1 			0 			1 			1 			0 			1 			1 			1 
			0 			1 			1 			0 			1 			0 			0 			0 			0 			0 			0 			1 			1 			0 			1 			1 			0 			1 			1 			1 
			0 			1 			1 			0 			1 			0 			0 			0 			0 			0 			0 			1 			1 			0 			1 			1 			0 			1 			1 			1 
			0 			1 			1 			0 			1 			0 			0 			0 			0 			0 			0 			1 			1 			0 			1 			1 			0 			1 			1 			1 
			0 			1 			1 			0 			1 			0 			0 			0 			0 			0 			0 			1 			1 			0 			1 			1 			0 			1 			1 			1 
			0 			1 			1 			0 			1 			0 			0 			0 			0 			0 			0 			1 			1 			0 			1 			1 			0 			1 			1 			1 
			0 			1 			1 			0 			1 			0 			0 			0 			0 			0 			0 			1 			1 			0 			1 			1 			0 			1 			1 			1 
			0 			1 			1 			0 			1 			0 			0 			0 			0 			0 			0 			1 			1 			0 			1 			1 			0 			1 			1 			1 
			0 			1 			1 			0 			1 			0 			0 			0 			0 			0 			0 			1 			1 			0 			1 			1 			0 			1 			1 			1 
			0 			1 			1 			0 			1 			0 			0 			0 			0 			0 			0 			1 			1 			0 			1 			1 			0 			1 			1 			1 
			0 			1 			1 			0 			1 			0 			0 			0 			0 			0 			0 			1 			1 			0 			1 			1 			0 			1 			1 			1 
			0 			1 			1 			0 			1 			0 			0 			0 			0 			0 			0 			1 			1 			0 			1 			1 			0 			1 			1 			1 
			0 			1 			1 			0 			1 			0 			0 			0 			0 			0 			0 			1 			1 			0 			1 			1 			0 			1 			1 			1 
			0 			1 			1 			0 			1 			0 			0 			0 			0 			0 			0 			1 			1 			0 			1 			1 			0 			1 			1 			1 
			0 			1 			1 			0 			1 			0 			0 			0 			0 			0 			0 			1 			1 			0 			1 			1 			0 			1 			1 			1 
			0 			1 			1 			0 			1 			0 			0 			0 			0 			0 			0 			1 			1 			0 			1 			1 			0 			1 			1 			1 
			0 			1 			1 			0 			1 			0 			0 			0 			0 			0 			0 			1 			1 			0 			1 			1 			0 			1 			1 			1 
			0 			1 			1 			0 			1 			0 			0 			0 			0 			0 			0 			1 			1 			0 			1 			1 			0 			1 			1 			1 
			0 			1 			1 			0 			1 			0 			0 			0 			0 			0 			0 			1 			1 			0 			1 			1 			0 			1 			1 			1 
			0 			1 			1 			0 			1 			0 			0 			0 			0 			0 			0 			1 			1 			0 			1 			1 			0 			1 			1 			1 
			0 			1 			1 			0 			1 			0 			0 			0 			0 			0 			0 			1 			1 			0 			1 			1 			0 			1 			1 			1 
			0 			1 			1 			0 			1 			0 			0 			0 			0 			0 			0 			1 			1 			0 			1 			1 			0 			1 			1 			1 
			0 			1 			1 			0 			1 			0 			0 			0 			0 			0 			0 			1 			1 			0 			1 			1 			0 			1 			1 			1 
			0 			1 			1 			0 			1 			0 			0 			0 			0 			0 			0 			1 			1 			0 			1 			1 			0 			1 			1 			1 
			0 			1 			1 			0 			1 			0 			0 			0 			0 			0 			0 			1 			1 			0 			1 			1 			0 			1 			1 			1 
			0 			1 			1 			0 			1 			0 			0 			0 			0 			0 			0 			1 			1 			0 			1 			1 			0 			1 			1 			1 
			0 			0 			1 			0 			0 			0 			0 			0 			0 			0 			0 			0 			1 			0 			1 			1 			0 			0 			0 			0 
			 X[1][6] = 1
			 X[2][4] = 1
			 X[4][1] = 1
			 X[11][5] = 1
			 X[12][9] = 1
			 X[14][8] = 1
			 X[15][7] = 1
			 X[17][0] = 1
			 X[18][2] = 1
			 X[19][3] = 1
