


	Problem Size (nT x nS x nH):29x50x30
	CPU Time(sec): 146
	Obj Value: 226

			0 			0 			0 			0 			0 			0 			0 			0 			0 			0 			0 			0 			0 			0 			0 			0 			0 			0 			0 			0 			0 			0 			0 			0 			0 			0 			0 			0 			0 			0 			0 			0 			0 			0 			0 			0 			0 			0 			0 			0 			0 			0 			0 			0 			0 			0 			0 			0 			0 			0 
			0 			0 			0 			1 			0 			0 			0 			0 			0 			0 			0 			0 			1 			0 			0 			0 			1 			1 			0 			0 			0 			0 			0 			0 			0 			0 			0 			1 			0 			0 			0 			0 			0 			1 			1 			0 			0 			0 			0 			0 			0 			0 			0 			0 			0 			1 			0 			1 			1 			1 
			0 			0 			1 			0 			0 			0 			0 			0 			1 			0 			0 			1 			1 			0 			0 			0 			0 			1 			0 			0 			0 			1 			0 			0 			1 			0 			0 			0 			0 			1 			0 			0 			0 			0 			1 			0 			0 			0 			0 			0 			0 			1 			0 			0 			0 			0 			0 			1 			0 			1 
			0 			0 			0 			1 			0 			0 			1 			1 			0 			0 			0 			0 			0 			1 			0 			0 			0 			0 			0 			0 			0 			0 			0 			0 			0 			0 			1 			1 			0 			0 			0 			0 			0 			1 			0 			0 			0 			0 			0 			0 			0 			1 			1 			0 			0 			0 			1 			1 			0 			1 
			1 			1 			1 			1 			0 			0 			0 			0 			0 			0 			0 			0 			1 			0 			0 			0 			1 			1 			0 			0 			0 			1 			0 			0 			0 			0 			0 			1 			0 			1 			0 			0 			0 			1 			1 			0 			0 			0 			0 			0 			0 			1 			0 			0 			0 			0 			0 			0 			1 			0 
			1 			1 			1 			1 			0 			0 			0 			0 			1 			0 			0 			1 			0 			0 			0 			0 			0 			0 			0 			1 			0 			0 			0 			0 			0 			1 			1 			1 			0 			0 			0 			0 			0 			1 			0 			0 			0 			1 			0 			0 			0 			0 			0 			0 			0 			0 			1 			1 			0 			1 
			1 			0 			0 			1 			0 			0 			0 			0 			1 			0 			0 			0 			1 			1 			0 			0 			0 			1 			0 			0 			0 			0 			0 			0 			0 			0 			1 			1 			0 			1 			0 			0 			0 			1 			0 			0 			0 			0 			0 			0 			0 			1 			1 			0 			0 			1 			1 			1 			1 			1 
			0 			1 			0 			0 			0 			0 			0 			1 			0 			0 			0 			1 			1 			1 			0 			0 			1 			0 			0 			1 			0 			0 			0 			0 			0 			1 			1 			1 			0 			1 			0 			0 			0 			1 			1 			0 			0 			0 			0 			0 			0 			1 			0 			0 			0 			1 			1 			1 			1 			1 
			1 			1 			0 			1 			0 			0 			1 			1 			0 			0 			0 			1 			0 			0 			0 			0 			1 			0 			0 			1 			0 			1 			0 			0 			0 			0 			1 			1 			0 			0 			0 			0 			0 			0 			0 			0 			0 			0 			0 			0 			0 			1 			0 			0 			0 			0 			0 			0 			1 			0 
			0 			0 			0 			1 			0 			0 			1 			1 			0 			0 			0 			0 			1 			0 			0 			0 			0 			0 			0 			1 			0 			1 			0 			0 			1 			1 			1 			1 			0 			1 			0 			0 			0 			0 			1 			0 			0 			0 			0 			0 			0 			1 			0 			0 			0 			0 			0 			0 			0 			1 
			1 			0 			1 			0 			0 			0 			0 			0 			1 			0 			0 			1 			0 			0 			0 			0 			1 			1 			0 			1 			0 			0 			0 			0 			0 			1 			0 			0 			0 			1 			0 			0 			0 			1 			0 			0 			0 			0 			0 			0 			0 			1 			0 			0 			0 			0 			1 			0 			0 			0 
			0 			0 			1 			1 			0 			0 			0 			0 			1 			0 			0 			1 			1 			0 			0 			0 			0 			1 			0 			0 			0 			1 			0 			0 			1 			1 			0 			1 			0 			0 			0 			0 			0 			1 			1 			0 			0 			1 			0 			0 			0 			0 			1 			0 			0 			0 			0 			0 			1 			0 
			0 			1 			0 			1 			0 			0 			1 			1 			1 			0 			0 			0 			0 			1 			0 			0 			1 			0 			0 			0 			0 			1 			0 			0 			1 			0 			1 			1 			0 			1 			0 			0 			0 			0 			1 			0 			0 			0 			0 			0 			0 			1 			0 			0 			0 			0 			0 			0 			1 			1 
			1 			1 			1 			1 			0 			0 			1 			1 			0 			0 			0 			0 			1 			1 			0 			0 			1 			0 			0 			1 			0 			0 			0 			0 			1 			0 			1 			1 			0 			0 			0 			0 			0 			1 			1 			0 			0 			0 			0 			0 			0 			1 			0 			0 			0 			1 			0 			1 			0 			1 
			0 			0 			1 			0 			0 			0 			1 			0 			1 			0 			0 			0 			1 			0 			0 			0 			0 			0 			0 			1 			0 			1 			0 			0 			0 			0 			0 			0 			0 			0 			0 			0 			0 			1 			1 			0 			0 			1 			0 			0 			0 			0 			0 			0 			0 			0 			0 			0 			1 			1 
			1 			1 			0 			1 			0 			0 			0 			0 			1 			0 			0 			1 			1 			1 			0 			0 			1 			0 			0 			0 			0 			1 			0 			0 			0 			0 			1 			0 			0 			1 			0 			0 			0 			0 			1 			0 			0 			1 			0 			0 			0 			1 			1 			0 			0 			1 			1 			0 			1 			1 
			1 			1 			0 			0 			0 			0 			1 			0 			1 			0 			0 			1 			0 			1 			0 			0 			1 			0 			0 			0 			0 			1 			0 			0 			1 			0 			0 			0 			0 			0 			0 			0 			0 			0 			0 			0 			0 			1 			0 			0 			0 			0 			0 			0 			0 			0 			0 			1 			0 			0 
			0 			1 			0 			0 			0 			0 			0 			1 			0 			0 			0 			1 			1 			1 			0 			0 			0 			0 			0 			0 			0 			0 			0 			0 			1 			0 			1 			1 			0 			0 			0 			0 			0 			1 			0 			0 			0 			0 			0 			0 			0 			1 			1 			0 			0 			1 			1 			0 			0 			1 
			0 			0 			1 			1 			0 			0 			1 			0 			1 			0 			0 			1 			1 			0 			0 			0 			0 			1 			0 			0 			0 			1 			0 			0 			0 			1 			0 			1 			0 			1 			0 			0 			0 			0 			0 			0 			0 			0 			0 			0 			0 			0 			1 			0 			0 			1 			1 			1 			0 			1 
			1 			0 			0 			1 			0 			0 			1 			1 			0 			0 			0 			1 			0 			1 			0 			0 			0 			1 			0 			1 			0 			1 			0 			0 			0 			0 			1 			0 			0 			1 			0 			0 			0 			0 			0 			0 			0 			0 			0 			0 			0 			1 			0 			0 			0 			1 			0 			0 			1 			0 
			0 			1 			0 			1 			0 			0 			1 			1 			0 			0 			0 			0 			0 			1 			0 			0 			1 			1 			0 			1 			0 			1 			0 			0 			0 			0 			0 			1 			0 			0 			0 			0 			0 			1 			1 			0 			0 			1 			0 			0 			0 			1 			1 			0 			0 			1 			0 			0 			0 			0 
			1 			1 			1 			1 			0 			0 			1 			1 			0 			0 			0 			0 			1 			0 			0 			0 			1 			0 			0 			0 			0 			1 			0 			0 			0 			1 			0 			0 			0 			1 			0 			0 			0 			1 			0 			0 			0 			1 			0 			0 			0 			1 			0 			0 			0 			1 			0 			1 			1 			0 
			0 			0 			1 			1 			0 			0 			0 			0 			1 			0 			0 			0 			1 			0 			0 			0 			1 			1 			0 			1 			0 			0 			0 			0 			0 			0 			1 			1 			0 			1 			0 			0 			0 			1 			1 			0 			0 			1 			0 			0 			0 			1 			1 			0 			0 			0 			1 			0 			1 			0 
			0 			1 			1 			0 			0 			0 			1 			0 			1 			0 			0 			1 			1 			1 			0 			0 			1 			0 			0 			1 			0 			0 			0 			0 			1 			0 			0 			1 			0 			1 			0 			0 			0 			0 			0 			0 			0 			1 			0 			0 			0 			0 			0 			0 			0 			0 			0 			0 			0 			0 
			1 			0 			1 			1 			0 			0 			1 			0 			0 			0 			0 			0 			0 			1 			0 			0 			0 			1 			0 			0 			0 			1 			0 			0 			0 			0 			0 			1 			0 			0 			0 			0 			0 			0 			1 			0 			0 			0 			0 			0 			0 			1 			1 			0 			0 			0 			0 			0 			1 			1 
			0 			1 			1 			0 			0 			0 			1 			1 			0 			0 			0 			1 			1 			0 			0 			0 			1 			1 			0 			0 			0 			1 			0 			0 			1 			1 			0 			1 			0 			1 			0 			0 			0 			1 			1 			0 			0 			0 			0 			0 			0 			0 			0 			0 			0 			1 			1 			1 			1 			0 
			0 			1 			1 			1 			0 			0 			0 			0 			0 			0 			0 			1 			0 			1 			0 			0 			1 			0 			0 			1 			0 			0 			0 			0 			0 			0 			0 			1 			0 			0 			0 			0 			0 			1 			0 			0 			0 			0 			0 			0 			0 			0 			0 			0 			0 			0 			0 			1 			0 			1 
			1 			0 			1 			1 			0 			0 			0 			1 			0 			0 			0 			0 			1 			0 			0 			0 			0 			0 			0 			0 			0 			1 			0 			0 			1 			1 			1 			0 			0 			1 			0 			0 			0 			1 			0 			0 			0 			0 			0 			0 			0 			0 			1 			0 			0 			0 			1 			1 			0 			1 
			1 			0 			1 			0 			0 			0 			1 			0 			1 			0 			0 			0 			0 			0 			0 			0 			0 			0 			0 			1 			0 			0 			0 			0 			1 			1 			0 			0 			0 			0 			0 			0 			0 			1 			1 			0 			0 			0 			0 			0 			0 			1 			1 			0 			0 			0 			0 			1 			0 			0 
			1 			0 			0 			0 			0 			0 			0 			0 			1 			0 			0 			0 			1 			1 			0 			0 			0 			0 			0 			1 			0 			1 			0 			0 			1 			1 			1 			0 			0 			0 			0 			0 			0 			1 			1 			0 			0 			0 			0 			0 			0 			0 			1 			0 			0 			1 			0 			0 			0 			0 
			0 			0 			0 			1 			0 			0 			0 			0 			0 			0 			0 			1 			1 			1 			0 			0 			0 			1 			0 			0 			0 			0 			0 			0 			1 			0 			1 			0 			0 			0 			0 			0 			0 			0 			0 			0 			0 			0 			0 			0 			0 			0 			1 			0 			0 			1 			1 			0 			1 			0 

			quantidade de buracos 1119

			 X[0][5] = 1
			 X[1][23] = 1
			 X[2][11] = 1
			 X[3][27] = 1
			 X[6][8] = 1
			 X[7][28] = 1
			 X[8][12] = 1
			 X[11][18] = 1
			 X[12][7] = 1
			 X[13][0] = 1
			 X[16][9] = 1
			 X[17][1] = 1
			 X[19][20] = 1
			 X[21][6] = 1
			 X[24][22] = 1
			 X[25][2] = 1
			 X[26][14] = 1
			 X[27][13] = 1
			 X[29][26] = 1
			 X[33][21] = 1
			 X[34][4] = 1
			 X[37][17] = 1
			 X[41][15] = 1
			 X[42][16] = 1
			 X[45][10] = 1
			 X[46][25] = 1
			 X[47][24] = 1
			 X[48][3] = 1
			 X[49][19] = 1


			0 			0 			0 			0 			0 			0 			0 			0 			0 			0 			0 			0 			0 			0 			0 			0 			0 			0 			0 			0 			0 			0 			0 			0 			0 			0 			0 			0 			0 			0 			0 			0 			0 			0 			0 			0 			0 			0 			0 			0 			0 			0 			0 			0 			0 			0 			0 			0 			0 			0 
			0 			0 			0 			27 			0 			0 			0 			0 			0 			0 			0 			0 			7 			0 			0 			0 			9 			1 			0 			0 			0 			0 			0 			0 			0 			0 			0 			13 			0 			0 			0 			0 			0 			21 			4 			0 			0 			0 			0 			0 			0 			0 			0 			0 			0 			10 			0 			24 			3 			19 
			0 			0 			11 			0 			0 			0 			0 			0 			12 			0 			0 			18 			7 			0 			0 			0 			0 			1 			0 			0 			0 			6 			0 			0 			22 			0 			0 			0 			0 			26 			0 			0 			0 			0 			4 			0 			0 			0 			0 			0 			0 			15 			0 			0 			0 			0 			0 			24 			0 			19 
			0 			0 			0 			27 			0 			0 			8 			28 			0 			0 			0 			0 			0 			0 			0 			0 			0 			0 			0 			0 			0 			0 			0 			0 			0 			0 			14 			13 			0 			0 			0 			0 			0 			21 			0 			0 			0 			0 			0 			0 			0 			15 			16 			0 			0 			0 			25 			24 			0 			19 
			5 			23 			11 			27 			0 			0 			0 			0 			0 			0 			0 			0 			7 			0 			0 			0 			9 			1 			0 			0 			0 			6 			0 			0 			0 			0 			0 			13 			0 			26 			0 			0 			0 			21 			4 			0 			0 			0 			0 			0 			0 			15 			0 			0 			0 			0 			0 			0 			3 			0 
			5 			23 			11 			27 			0 			0 			0 			0 			12 			0 			0 			18 			0 			0 			0 			0 			0 			0 			0 			20 			0 			0 			0 			0 			0 			2 			14 			13 			0 			0 			0 			0 			0 			21 			0 			0 			0 			17 			0 			0 			0 			0 			0 			0 			0 			0 			25 			24 			0 			19 
			5 			0 			0 			27 			0 			0 			0 			0 			12 			0 			0 			0 			7 			0 			0 			0 			0 			1 			0 			0 			0 			0 			0 			0 			0 			0 			14 			13 			0 			26 			0 			0 			0 			21 			0 			0 			0 			0 			0 			0 			0 			15 			16 			0 			0 			10 			25 			24 			3 			19 
			0 			23 			0 			0 			0 			0 			0 			28 			0 			0 			0 			18 			7 			0 			0 			0 			9 			0 			0 			20 			0 			0 			0 			0 			0 			2 			14 			13 			0 			26 			0 			0 			0 			21 			4 			0 			0 			0 			0 			0 			0 			15 			0 			0 			0 			10 			25 			24 			3 			19 
			5 			23 			0 			27 			0 			0 			8 			28 			0 			0 			0 			18 			0 			0 			0 			0 			9 			0 			0 			20 			0 			6 			0 			0 			0 			0 			14 			13 			0 			0 			0 			0 			0 			0 			0 			0 			0 			0 			0 			0 			0 			15 			0 			0 			0 			0 			0 			0 			3 			0 
			0 			0 			0 			27 			0 			0 			8 			28 			0 			0 			0 			0 			7 			0 			0 			0 			0 			0 			0 			20 			0 			6 			0 			0 			22 			2 			14 			13 			0 			26 			0 			0 			0 			0 			4 			0 			0 			0 			0 			0 			0 			15 			0 			0 			0 			0 			0 			0 			0 			19 
			5 			0 			11 			0 			0 			0 			0 			0 			12 			0 			0 			18 			0 			0 			0 			0 			9 			1 			0 			20 			0 			0 			0 			0 			0 			2 			0 			0 			0 			26 			0 			0 			0 			21 			0 			0 			0 			0 			0 			0 			0 			15 			0 			0 			0 			0 			25 			0 			0 			0 
			0 			0 			11 			27 			0 			0 			0 			0 			12 			0 			0 			18 			7 			0 			0 			0 			0 			1 			0 			0 			0 			6 			0 			0 			22 			2 			0 			13 			0 			0 			0 			0 			0 			21 			4 			0 			0 			17 			0 			0 			0 			0 			16 			0 			0 			0 			0 			0 			3 			0 
			0 			23 			0 			27 			0 			0 			8 			28 			12 			0 			0 			0 			0 			0 			0 			0 			9 			0 			0 			0 			0 			6 			0 			0 			22 			0 			14 			13 			0 			26 			0 			0 			0 			0 			4 			0 			0 			0 			0 			0 			0 			15 			0 			0 			0 			0 			0 			0 			3 			19 
			5 			23 			11 			27 			0 			0 			8 			28 			0 			0 			0 			0 			7 			0 			0 			0 			9 			0 			0 			20 			0 			0 			0 			0 			22 			0 			14 			13 			0 			0 			0 			0 			0 			21 			4 			0 			0 			0 			0 			0 			0 			15 			0 			0 			0 			10 			0 			24 			0 			19 
			0 			0 			11 			0 			0 			0 			8 			0 			12 			0 			0 			0 			7 			0 			0 			0 			0 			0 			0 			20 			0 			6 			0 			0 			0 			0 			0 			0 			0 			0 			0 			0 			0 			21 			4 			0 			0 			17 			0 			0 			0 			0 			0 			0 			0 			0 			0 			0 			3 			19 
			5 			23 			0 			27 			0 			0 			0 			0 			12 			0 			0 			18 			7 			0 			0 			0 			9 			0 			0 			0 			0 			6 			0 			0 			0 			0 			14 			0 			0 			26 			0 			0 			0 			0 			4 			0 			0 			17 			0 			0 			0 			15 			16 			0 			0 			10 			25 			0 			3 			19 
			5 			23 			0 			0 			0 			0 			8 			0 			12 			0 			0 			18 			0 			0 			0 			0 			9 			0 			0 			0 			0 			6 			0 			0 			22 			0 			0 			0 			0 			0 			0 			0 			0 			0 			0 			0 			0 			17 			0 			0 			0 			0 			0 			0 			0 			0 			0 			24 			0 			0 
			0 			23 			0 			0 			0 			0 			0 			28 			0 			0 			0 			18 			7 			0 			0 			0 			0 			0 			0 			0 			0 			0 			0 			0 			22 			0 			14 			13 			0 			0 			0 			0 			0 			21 			0 			0 			0 			0 			0 			0 			0 			15 			16 			0 			0 			10 			25 			0 			0 			19 
			0 			0 			11 			27 			0 			0 			8 			0 			12 			0 			0 			18 			7 			0 			0 			0 			0 			1 			0 			0 			0 			6 			0 			0 			0 			2 			0 			13 			0 			26 			0 			0 			0 			0 			0 			0 			0 			0 			0 			0 			0 			0 			16 			0 			0 			10 			25 			24 			0 			19 
			5 			0 			0 			27 			0 			0 			8 			28 			0 			0 			0 			18 			0 			0 			0 			0 			0 			1 			0 			20 			0 			6 			0 			0 			0 			0 			14 			0 			0 			26 			0 			0 			0 			0 			0 			0 			0 			0 			0 			0 			0 			15 			0 			0 			0 			10 			0 			0 			3 			0 
			0 			23 			0 			27 			0 			0 			8 			28 			0 			0 			0 			0 			0 			0 			0 			0 			9 			1 			0 			20 			0 			6 			0 			0 			0 			0 			0 			13 			0 			0 			0 			0 			0 			21 			4 			0 			0 			17 			0 			0 			0 			15 			16 			0 			0 			10 			0 			0 			0 			0 
			5 			23 			11 			27 			0 			0 			8 			28 			0 			0 			0 			0 			7 			0 			0 			0 			9 			0 			0 			0 			0 			6 			0 			0 			0 			2 			0 			0 			0 			26 			0 			0 			0 			21 			0 			0 			0 			17 			0 			0 			0 			15 			0 			0 			0 			10 			0 			24 			3 			0 
			0 			0 			11 			27 			0 			0 			0 			0 			12 			0 			0 			0 			7 			0 			0 			0 			9 			1 			0 			20 			0 			0 			0 			0 			0 			0 			14 			13 			0 			26 			0 			0 			0 			21 			4 			0 			0 			17 			0 			0 			0 			15 			16 			0 			0 			0 			25 			0 			3 			0 
			0 			23 			11 			0 			0 			0 			8 			0 			12 			0 			0 			18 			7 			0 			0 			0 			9 			0 			0 			20 			0 			0 			0 			0 			22 			0 			0 			13 			0 			26 			0 			0 			0 			0 			0 			0 			0 			17 			0 			0 			0 			0 			0 			0 			0 			0 			0 			0 			0 			0 
			5 			0 			11 			27 			0 			0 			8 			0 			0 			0 			0 			0 			0 			0 			0 			0 			0 			1 			0 			0 			0 			6 			0 			0 			0 			0 			0 			13 			0 			0 			0 			0 			0 			0 			4 			0 			0 			0 			0 			0 			0 			15 			16 			0 			0 			0 			0 			0 			3 			19 
			0 			23 			11 			0 			0 			0 			8 			28 			0 			0 			0 			18 			7 			0 			0 			0 			9 			1 			0 			0 			0 			6 			0 			0 			22 			2 			0 			13 			0 			26 			0 			0 			0 			21 			4 			0 			0 			0 			0 			0 			0 			0 			0 			0 			0 			10 			25 			24 			3 			0 
			0 			23 			11 			27 			0 			0 			0 			0 			0 			0 			0 			18 			0 			0 			0 			0 			9 			0 			0 			20 			0 			0 			0 			0 			0 			0 			0 			13 			0 			0 			0 			0 			0 			21 			0 			0 			0 			0 			0 			0 			0 			0 			0 			0 			0 			0 			0 			24 			0 			19 
			5 			0 			11 			27 			0 			0 			0 			28 			0 			0 			0 			0 			7 			0 			0 			0 			0 			0 			0 			0 			0 			6 			0 			0 			22 			2 			14 			0 			0 			26 			0 			0 			0 			21 			0 			0 			0 			0 			0 			0 			0 			0 			16 			0 			0 			0 			25 			24 			0 			19 
			5 			0 			11 			0 			0 			0 			8 			0 			12 			0 			0 			0 			0 			0 			0 			0 			0 			0 			0 			20 			0 			0 			0 			0 			22 			2 			0 			0 			0 			0 			0 			0 			0 			21 			4 			0 			0 			0 			0 			0 			0 			15 			16 			0 			0 			0 			0 			24 			0 			0 
			5 			0 			0 			0 			0 			0 			0 			0 			12 			0 			0 			0 			7 			0 			0 			0 			0 			0 			0 			20 			0 			6 			0 			0 			22 			2 			14 			0 			0 			0 			0 			0 			0 			21 			4 			0 			0 			0 			0 			0 			0 			0 			16 			0 			0 			10 			0 			0 			0 			0 
			0 			0 			0 			27 			0 			0 			0 			0 			0 			0 			0 			18 			7 			0 			0 			0 			0 			1 			0 			0 			0 			0 			0 			0 			22 			0 			14 			0 			0 			0 			0 			0 			0 			0 			0 			0 			0 			0 			0 			0 			0 			0 			16 			0 			0 			10 			25 			0 			3 			0 
