


	Problem Size (nT x nS x nH):4x5x15
	CPU Time(sec): 1
	Obj Value: 13

			0 			0 			0 			0 			0 
			1 			1 			0 			0 			0 
			0 			1 			1 			0 			0 
			1 			1 			0 			0 			0 
			1 			0 			0 			0 			0 
			0 			1 			0 			0 			0 
			1 			0 			0 			0 			0 
			0 			1 			1 			0 			0 
			0 			1 			0 			0 			0 
			1 			1 			0 			0 			0 
			0 			0 			1 			0 			0 
			1 			0 			1 			0 			0 
			0 			1 			1 			0 			0 
			0 			1 			1 			0 			0 
			1 			1 			0 			0 			0 
			0 			1 			0 			0 			0 
			 X[0][1] = 1
			 X[1][2] = 1
			 X[1][3] = 1
			 X[2][0] = 1
