


	Problem Size (nT x nS x nH):50x50x45
	CPU Time(sec): 1203
	Obj Value: 586

			0 			0 			0 			0 			0 			0 			0 			0 			0 			0 			0 			0 			0 			0 			0 			0 			0 			0 			0 			0 			0 			0 			0 			0 			0 			0 			0 			0 			0 			0 			0 			0 			0 			0 			0 			0 			0 			0 			0 			0 			0 			0 			0 			0 			0 			0 			0 			0 			0 			0 
			0 			0 			1 			0 			0 			1 			0 			0 			1 			1 			1 			0 			0 			0 			0 			0 			1 			0 			0 			0 			1 			0 			0 			1 			0 			1 			0 			0 			1 			1 			1 			1 			0 			0 			0 			0 			0 			1 			0 			0 			1 			0 			1 			1 			0 			1 			1 			1 			0 			0 
			1 			0 			0 			0 			1 			0 			0 			1 			1 			0 			1 			1 			1 			0 			0 			0 			1 			0 			1 			0 			0 			1 			0 			1 			0 			1 			0 			1 			0 			0 			0 			1 			0 			0 			0 			1 			0 			1 			0 			0 			0 			0 			1 			1 			1 			1 			1 			1 			0 			1 
			0 			1 			0 			1 			0 			0 			0 			0 			1 			0 			0 			1 			0 			1 			0 			1 			1 			1 			1 			0 			1 			0 			1 			1 			1 			0 			1 			0 			0 			0 			1 			1 			0 			0 			0 			0 			0 			1 			0 			0 			1 			0 			1 			1 			1 			0 			1 			0 			1 			1 
			1 			1 			1 			1 			1 			0 			1 			0 			0 			1 			1 			0 			1 			1 			1 			1 			1 			1 			1 			1 			1 			1 			1 			0 			0 			1 			1 			1 			1 			1 			0 			0 			0 			0 			0 			0 			0 			1 			0 			1 			0 			1 			1 			0 			0 			0 			1 			0 			1 			1 
			0 			1 			0 			1 			1 			0 			0 			0 			1 			1 			0 			0 			1 			0 			0 			1 			0 			1 			1 			1 			0 			0 			0 			0 			1 			0 			1 			0 			0 			1 			0 			1 			1 			0 			1 			1 			0 			1 			1 			1 			1 			1 			0 			0 			1 			0 			0 			0 			0 			0 
			0 			0 			0 			0 			1 			1 			0 			1 			0 			1 			1 			1 			0 			0 			1 			0 			0 			1 			1 			1 			1 			1 			1 			0 			0 			0 			0 			1 			0 			1 			1 			1 			0 			0 			1 			1 			0 			0 			0 			1 			0 			0 			0 			1 			1 			0 			0 			1 			0 			1 
			0 			0 			1 			1 			0 			0 			0 			1 			0 			1 			0 			0 			1 			0 			0 			1 			1 			1 			1 			0 			0 			1 			0 			0 			0 			0 			0 			1 			1 			0 			0 			0 			1 			1 			1 			1 			0 			0 			1 			1 			0 			1 			1 			1 			1 			1 			1 			1 			1 			0 
			1 			0 			1 			0 			0 			0 			0 			0 			0 			1 			1 			0 			1 			0 			1 			1 			1 			1 			1 			1 			0 			0 			0 			1 			1 			0 			1 			1 			1 			1 			1 			0 			1 			1 			1 			0 			0 			1 			1 			1 			1 			1 			1 			0 			1 			1 			0 			0 			0 			0 
			0 			0 			0 			0 			1 			0 			0 			1 			1 			1 			1 			1 			0 			0 			1 			0 			0 			0 			0 			0 			1 			0 			0 			1 			1 			1 			0 			1 			0 			1 			1 			0 			0 			1 			1 			1 			1 			1 			1 			1 			0 			1 			1 			1 			0 			0 			0 			0 			0 			1 
			0 			0 			1 			1 			0 			0 			1 			1 			0 			0 			1 			1 			0 			1 			0 			0 			0 			1 			1 			0 			0 			1 			1 			1 			0 			1 			1 			0 			0 			1 			0 			1 			0 			0 			0 			0 			0 			1 			0 			0 			1 			0 			1 			0 			0 			1 			1 			0 			1 			0 
			1 			1 			0 			0 			0 			1 			1 			1 			1 			0 			0 			0 			0 			0 			1 			0 			1 			0 			0 			0 			0 			1 			1 			0 			1 			0 			0 			1 			1 			1 			0 			1 			1 			1 			1 			1 			0 			0 			1 			0 			1 			1 			0 			0 			0 			1 			1 			1 			1 			0 
			1 			1 			1 			1 			1 			0 			0 			1 			1 			1 			0 			1 			1 			1 			0 			0 			0 			1 			0 			0 			1 			0 			1 			1 			1 			1 			1 			1 			0 			1 			0 			1 			1 			0 			0 			0 			0 			1 			0 			0 			0 			1 			1 			1 			0 			0 			0 			1 			1 			0 
			0 			0 			1 			1 			1 			1 			1 			0 			0 			1 			0 			1 			1 			0 			1 			1 			0 			0 			1 			1 			1 			0 			0 			1 			1 			1 			0 			1 			0 			0 			1 			1 			0 			1 			1 			1 			0 			1 			1 			0 			1 			0 			0 			0 			1 			1 			0 			1 			0 			0 
			1 			1 			0 			0 			0 			0 			1 			1 			0 			1 			1 			0 			0 			1 			1 			0 			1 			0 			1 			0 			1 			0 			0 			0 			1 			0 			0 			1 			0 			0 			0 			1 			1 			1 			0 			1 			0 			1 			1 			0 			1 			1 			1 			0 			0 			0 			0 			1 			1 			0 
			1 			1 			1 			1 			0 			1 			1 			0 			0 			0 			1 			0 			1 			1 			1 			1 			1 			1 			0 			0 			0 			0 			0 			0 			1 			1 			0 			1 			1 			1 			0 			1 			1 			1 			0 			0 			0 			1 			1 			0 			0 			0 			0 			0 			1 			1 			0 			0 			0 			1 
			0 			0 			0 			1 			0 			0 			1 			1 			0 			0 			1 			1 			1 			0 			1 			0 			1 			1 			0 			1 			1 			0 			1 			1 			1 			0 			0 			0 			0 			1 			0 			0 			0 			1 			0 			1 			1 			0 			1 			1 			1 			1 			0 			1 			0 			0 			0 			0 			1 			0 
			1 			0 			1 			0 			1 			1 			0 			1 			0 			0 			1 			0 			0 			1 			0 			1 			1 			0 			0 			1 			0 			1 			0 			0 			1 			1 			0 			1 			1 			0 			0 			0 			1 			0 			1 			0 			0 			0 			0 			0 			0 			0 			1 			1 			0 			1 			0 			0 			1 			0 
			1 			0 			1 			1 			1 			0 			0 			0 			1 			0 			1 			1 			0 			0 			1 			0 			0 			0 			0 			1 			0 			1 			1 			0 			1 			1 			1 			0 			0 			1 			1 			1 			0 			1 			0 			0 			0 			1 			0 			0 			0 			0 			0 			0 			1 			0 			0 			1 			1 			1 
			0 			1 			0 			1 			0 			0 			1 			1 			0 			0 			1 			1 			1 			0 			0 			0 			1 			1 			1 			0 			0 			0 			0 			0 			1 			0 			0 			0 			0 			1 			1 			0 			0 			0 			0 			1 			0 			1 			1 			0 			0 			0 			0 			1 			0 			1 			1 			0 			1 			1 
			1 			1 			0 			0 			0 			1 			0 			1 			1 			1 			0 			0 			0 			1 			0 			0 			1 			0 			0 			0 			1 			1 			0 			1 			1 			0 			1 			1 			1 			1 			1 			1 			0 			1 			1 			0 			1 			1 			1 			1 			1 			1 			0 			1 			1 			0 			0 			0 			0 			1 
			1 			1 			0 			1 			0 			1 			0 			1 			1 			1 			0 			1 			0 			1 			0 			1 			1 			1 			0 			1 			1 			0 			1 			0 			1 			1 			0 			0 			0 			0 			1 			0 			1 			1 			0 			0 			1 			0 			0 			1 			1 			0 			0 			0 			0 			0 			0 			1 			0 			1 
			0 			1 			0 			1 			1 			1 			0 			1 			1 			0 			0 			1 			0 			1 			1 			0 			0 			0 			0 			0 			1 			0 			1 			1 			1 			1 			1 			0 			1 			1 			0 			0 			1 			1 			0 			1 			0 			0 			0 			1 			1 			0 			1 			0 			0 			0 			0 			1 			1 			0 
			1 			0 			0 			0 			1 			0 			0 			1 			0 			1 			1 			0 			0 			1 			1 			1 			0 			1 			1 			1 			0 			0 			0 			1 			0 			1 			0 			1 			0 			0 			0 			0 			0 			1 			1 			1 			0 			1 			1 			1 			1 			0 			1 			1 			0 			0 			0 			1 			0 			0 
			0 			0 			1 			1 			1 			0 			0 			0 			1 			0 			1 			1 			1 			0 			1 			1 			1 			0 			1 			1 			0 			0 			0 			0 			1 			1 			1 			0 			0 			0 			0 			1 			0 			0 			0 			0 			1 			0 			0 			0 			1 			1 			1 			1 			1 			0 			0 			1 			1 			1 
			1 			0 			1 			0 			0 			0 			1 			0 			0 			1 			1 			1 			0 			0 			0 			0 			0 			1 			1 			1 			1 			0 			1 			0 			1 			0 			0 			1 			0 			1 			1 			0 			0 			1 			1 			0 			1 			0 			1 			1 			1 			1 			1 			0 			1 			1 			0 			1 			0 			0 
			0 			0 			0 			0 			0 			1 			0 			0 			0 			1 			0 			0 			0 			1 			1 			1 			1 			0 			1 			0 			0 			1 			0 			1 			0 			1 			1 			0 			1 			0 			0 			1 			0 			0 			1 			0 			0 			0 			0 			0 			0 			1 			1 			0 			1 			0 			0 			1 			1 			0 
			0 			1 			0 			0 			0 			1 			1 			1 			1 			1 			0 			1 			1 			1 			0 			1 			0 			1 			1 			0 			0 			1 			1 			0 			0 			0 			1 			1 			0 			0 			0 			0 			1 			1 			0 			0 			0 			1 			0 			1 			0 			1 			1 			1 			0 			1 			1 			0 			1 			0 
			1 			0 			0 			0 			1 			0 			0 			0 			1 			1 			1 			0 			1 			1 			0 			1 			0 			0 			0 			0 			0 			1 			0 			0 			1 			0 			0 			0 			0 			1 			0 			0 			1 			0 			0 			1 			0 			1 			1 			0 			1 			1 			1 			1 			1 			1 			1 			1 			1 			0 
			0 			1 			0 			0 			1 			1 			1 			1 			0 			0 			1 			1 			0 			0 			0 			0 			1 			1 			1 			1 			1 			1 			1 			0 			0 			1 			1 			0 			1 			1 			0 			1 			0 			0 			0 			1 			0 			0 			1 			0 			0 			0 			1 			0 			1 			0 			1 			1 			0 			0 
			1 			1 			0 			0 			0 			1 			1 			1 			1 			0 			1 			0 			1 			1 			0 			0 			0 			0 			1 			1 			1 			0 			0 			0 			0 			1 			1 			1 			0 			0 			0 			1 			0 			0 			0 			1 			1 			1 			1 			0 			1 			0 			1 			0 			1 			1 			1 			1 			1 			0 
			0 			1 			1 			1 			0 			1 			0 			0 			1 			1 			0 			0 			1 			1 			1 			1 			1 			0 			1 			1 			1 			0 			0 			1 			0 			1 			0 			0 			1 			1 			0 			0 			0 			1 			1 			0 			1 			0 			0 			1 			1 			1 			0 			0 			0 			1 			1 			0 			0 			0 
			0 			0 			1 			0 			1 			1 			1 			1 			0 			1 			1 			0 			1 			0 			1 			0 			1 			0 			1 			0 			0 			1 			1 			1 			1 			0 			1 			1 			1 			0 			1 			1 			0 			1 			0 			0 			0 			0 			1 			0 			0 			1 			1 			0 			1 			1 			1 			0 			1 			1 
			0 			0 			1 			0 			1 			1 			0 			0 			1 			0 			0 			0 			0 			0 			0 			0 			0 			1 			1 			0 			1 			0 			1 			0 			1 			0 			0 			0 			1 			1 			0 			0 			1 			0 			0 			0 			0 			0 			1 			1 			1 			0 			1 			1 			0 			1 			1 			1 			0 			0 
			1 			0 			1 			0 			1 			1 			1 			1 			1 			1 			0 			1 			1 			1 			1 			1 			0 			1 			0 			0 			1 			1 			1 			1 			1 			1 			0 			1 			1 			1 			0 			0 			0 			0 			0 			1 			0 			1 			1 			1 			1 			0 			1 			1 			0 			1 			0 			1 			0 			0 
			1 			1 			1 			0 			0 			1 			0 			1 			1 			1 			1 			0 			1 			0 			0 			0 			0 			1 			1 			1 			0 			0 			1 			1 			0 			1 			0 			1 			0 			0 			1 			0 			1 			1 			0 			1 			1 			0 			0 			0 			0 			0 			1 			1 			1 			1 			0 			0 			1 			1 
			1 			1 			1 			0 			0 			1 			1 			1 			1 			0 			0 			1 			0 			1 			1 			1 			1 			0 			0 			1 			1 			0 			0 			1 			1 			1 			1 			1 			0 			0 			1 			0 			0 			1 			0 			0 			1 			0 			0 			1 			1 			1 			1 			1 			1 			1 			0 			0 			1 			1 
			1 			0 			1 			1 			0 			0 			0 			0 			0 			1 			1 			1 			1 			0 			1 			1 			1 			1 			0 			1 			0 			1 			1 			0 			0 			0 			1 			1 			1 			1 			0 			1 			1 			0 			0 			1 			1 			1 			1 			1 			1 			0 			0 			1 			0 			1 			0 			1 			1 			1 
			0 			1 			1 			0 			0 			1 			0 			0 			0 			0 			1 			1 			0 			0 			0 			1 			1 			1 			1 			0 			0 			1 			0 			0 			0 			1 			0 			1 			1 			1 			0 			1 			0 			1 			1 			0 			0 			0 			0 			0 			1 			0 			1 			1 			0 			1 			1 			0 			1 			0 
			1 			1 			0 			0 			0 			1 			0 			1 			0 			0 			0 			1 			1 			0 			1 			0 			1 			1 			1 			1 			1 			0 			1 			0 			0 			0 			0 			0 			0 			0 			0 			1 			1 			0 			0 			1 			0 			1 			1 			1 			0 			0 			1 			0 			1 			0 			0 			1 			0 			0 
			1 			0 			1 			1 			0 			1 			1 			0 			1 			1 			1 			1 			1 			1 			1 			1 			1 			1 			0 			0 			1 			0 			1 			0 			0 			1 			0 			0 			1 			1 			1 			0 			1 			0 			1 			1 			1 			1 			1 			1 			1 			1 			0 			1 			0 			0 			0 			0 			1 			1 
			0 			1 			0 			0 			1 			1 			1 			1 			0 			0 			0 			0 			1 			1 			1 			0 			1 			1 			0 			1 			0 			1 			0 			1 			1 			0 			0 			0 			1 			0 			1 			1 			0 			1 			0 			1 			0 			1 			0 			1 			1 			0 			1 			0 			1 			0 			1 			1 			0 			1 
			0 			1 			0 			1 			0 			1 			0 			1 			0 			0 			1 			1 			0 			0 			1 			0 			1 			0 			0 			1 			1 			0 			1 			1 			0 			1 			0 			0 			0 			0 			1 			1 			0 			1 			0 			0 			0 			0 			1 			1 			1 			0 			1 			1 			1 			1 			0 			1 			0 			1 
			1 			0 			1 			0 			1 			0 			0 			1 			1 			1 			0 			0 			0 			0 			0 			0 			0 			1 			0 			0 			0 			0 			1 			1 			1 			1 			0 			1 			0 			0 			0 			0 			1 			1 			0 			1 			1 			1 			0 			1 			1 			1 			0 			1 			1 			1 			1 			1 			1 			0 
			1 			1 			0 			0 			0 			0 			0 			1 			0 			0 			1 			0 			1 			1 			0 			0 			1 			0 			0 			0 			0 			0 			1 			1 			0 			1 			1 			1 			0 			1 			0 			0 			1 			1 			0 			1 			0 			0 			1 			0 			0 			0 			1 			0 			0 			0 			0 			1 			0 			1 
			0 			0 			1 			0 			0 			1 			1 			0 			1 			1 			0 			0 			1 			1 			0 			0 			1 			1 			0 			1 			0 			1 			1 			0 			1 			1 			1 			1 			1 			1 			0 			1 			1 			1 			0 			0 			1 			0 			1 			0 			1 			0 			0 			0 			1 			1 			1 			0 			1 			0 

			quantidade de buracos 1157

			 X[0][5] = 1
			 X[1][0] = 1
			 X[2][7] = 1
			 X[3][45] = 1
			 X[4][16] = 1
			 X[5][4] = 1
			 X[6][49] = 1
			 X[7][32] = 1
			 X[8][40] = 1
			 X[9][47] = 1
			 X[10][44] = 1
			 X[11][29] = 1
			 X[12][38] = 1
			 X[13][14] = 1
			 X[14][20] = 1
			 X[15][34] = 1
			 X[16][48] = 1
			 X[17][2] = 1
			 X[18][8] = 1
			 X[19][26] = 1
			 X[20][10] = 1
			 X[21][42] = 1
			 X[22][37] = 1
			 X[23][35] = 1
			 X[24][18] = 1
			 X[25][24] = 1
			 X[26][39] = 1
			 X[27][22] = 1
			 X[28][19] = 1
			 X[29][9] = 1
			 X[30][13] = 1
			 X[31][36] = 1
			 X[32][17] = 1
			 X[33][25] = 1
			 X[34][12] = 1
			 X[35][23] = 1
			 X[36][15] = 1
			 X[37][21] = 1
			 X[38][6] = 1
			 X[39][31] = 1
			 X[40][30] = 1
			 X[41][11] = 1
			 X[42][33] = 1
			 X[43][41] = 1
			 X[44][46] = 1
			 X[45][3] = 1
			 X[46][27] = 1
			 X[47][1] = 1
			 X[48][28] = 1
			 X[49][43] = 1


			0 			0 			0 			0 			0 			0 			0 			0 			0 			0 			0 			0 			0 			0 			0 			0 			0 			0 			0 			0 			0 			0 			0 			0 			0 			0 			0 			0 			0 			0 			0 			0 			0 			0 			0 			0 			0 			0 			0 			0 			0 			0 			0 			0 			0 			0 			0 			0 			0 			0 
			0 			0 			7 			0 			0 			4 			0 			0 			40 			47 			44 			0 			0 			0 			0 			0 			48 			0 			0 			0 			10 			0 			0 			35 			0 			24 			0 			0 			19 			9 			13 			36 			0 			0 			0 			0 			0 			21 			0 			0 			30 			0 			33 			41 			0 			3 			27 			1 			0 			0 
			5 			0 			0 			0 			16 			0 			0 			32 			40 			0 			44 			29 			38 			0 			0 			0 			48 			0 			8 			0 			0 			42 			0 			35 			0 			24 			0 			22 			0 			0 			0 			36 			0 			0 			0 			23 			0 			21 			0 			0 			0 			0 			33 			41 			46 			3 			27 			1 			0 			43 
			0 			0 			0 			45 			0 			0 			0 			0 			40 			0 			0 			29 			0 			14 			0 			34 			48 			2 			8 			0 			10 			0 			37 			35 			18 			0 			39 			0 			0 			0 			13 			36 			0 			0 			0 			0 			0 			21 			0 			0 			30 			0 			33 			41 			46 			0 			27 			0 			28 			43 
			5 			0 			7 			45 			16 			0 			49 			0 			0 			47 			44 			0 			38 			14 			20 			34 			48 			2 			8 			26 			10 			42 			37 			0 			0 			24 			39 			22 			19 			9 			0 			0 			0 			0 			0 			0 			0 			21 			0 			31 			0 			11 			33 			0 			0 			0 			27 			0 			28 			43 
			0 			0 			0 			45 			16 			0 			0 			0 			40 			47 			0 			0 			38 			0 			0 			34 			0 			2 			8 			26 			0 			0 			0 			0 			18 			0 			39 			0 			0 			9 			0 			36 			17 			0 			12 			23 			0 			21 			6 			31 			30 			11 			0 			0 			46 			0 			0 			0 			0 			0 
			0 			0 			0 			0 			16 			4 			0 			32 			0 			47 			44 			29 			0 			0 			20 			0 			0 			2 			8 			26 			10 			42 			37 			0 			0 			0 			0 			22 			0 			9 			13 			36 			0 			0 			12 			23 			0 			0 			0 			31 			0 			0 			0 			41 			46 			0 			0 			1 			0 			43 
			0 			0 			7 			45 			0 			0 			0 			32 			0 			47 			0 			0 			38 			0 			0 			34 			48 			2 			8 			0 			0 			42 			0 			0 			0 			0 			0 			22 			19 			0 			0 			0 			17 			25 			12 			23 			0 			0 			6 			31 			0 			11 			33 			41 			46 			3 			27 			1 			28 			0 
			5 			0 			7 			0 			0 			0 			0 			0 			0 			47 			44 			0 			38 			0 			20 			34 			48 			2 			8 			26 			0 			0 			0 			35 			18 			0 			39 			22 			19 			9 			13 			0 			17 			25 			12 			0 			0 			21 			6 			31 			30 			11 			33 			0 			46 			3 			0 			0 			0 			0 
			0 			0 			0 			0 			16 			0 			0 			32 			40 			47 			44 			29 			0 			0 			20 			0 			0 			0 			0 			0 			10 			0 			0 			35 			18 			24 			0 			22 			0 			9 			13 			0 			0 			25 			12 			23 			15 			21 			6 			31 			0 			11 			33 			41 			0 			0 			0 			0 			0 			43 
			0 			0 			7 			45 			0 			0 			49 			32 			0 			0 			44 			29 			0 			14 			0 			0 			0 			2 			8 			0 			0 			42 			37 			35 			0 			24 			39 			0 			0 			9 			0 			36 			0 			0 			0 			0 			0 			21 			0 			0 			30 			0 			33 			0 			0 			3 			27 			0 			28 			0 
			5 			0 			0 			0 			0 			4 			49 			32 			40 			0 			0 			0 			0 			0 			20 			0 			48 			0 			0 			0 			0 			42 			37 			0 			18 			0 			0 			22 			19 			9 			0 			36 			17 			25 			12 			23 			0 			0 			6 			0 			30 			11 			0 			0 			0 			3 			27 			1 			28 			0 
			5 			0 			7 			45 			16 			0 			0 			32 			40 			47 			0 			29 			38 			14 			0 			0 			0 			2 			0 			0 			10 			0 			37 			35 			18 			24 			39 			22 			0 			9 			0 			36 			17 			0 			0 			0 			0 			21 			0 			0 			0 			11 			33 			41 			0 			0 			0 			1 			28 			0 
			0 			0 			7 			45 			16 			4 			49 			0 			0 			47 			0 			29 			38 			0 			20 			34 			0 			0 			8 			26 			10 			0 			0 			35 			18 			24 			0 			22 			0 			0 			13 			36 			0 			25 			12 			23 			0 			21 			6 			0 			30 			0 			0 			0 			46 			3 			0 			1 			0 			0 
			5 			0 			0 			0 			0 			0 			49 			32 			0 			47 			44 			0 			0 			14 			20 			0 			48 			0 			8 			0 			10 			0 			0 			0 			18 			0 			0 			22 			0 			0 			0 			36 			17 			25 			0 			23 			0 			21 			6 			0 			30 			11 			33 			0 			0 			0 			0 			1 			28 			0 
			5 			0 			7 			45 			0 			4 			49 			0 			0 			0 			44 			0 			38 			14 			20 			34 			48 			2 			0 			0 			0 			0 			0 			0 			18 			24 			0 			22 			19 			9 			0 			36 			17 			25 			0 			0 			0 			21 			6 			0 			0 			0 			0 			0 			46 			3 			0 			0 			0 			43 
			0 			0 			0 			45 			0 			0 			49 			32 			0 			0 			44 			29 			38 			0 			20 			0 			48 			2 			0 			26 			10 			0 			37 			35 			18 			0 			0 			0 			0 			9 			0 			0 			0 			25 			0 			23 			15 			0 			6 			31 			30 			11 			0 			41 			0 			0 			0 			0 			28 			0 
			5 			0 			7 			0 			16 			4 			0 			32 			0 			0 			44 			0 			0 			14 			0 			34 			48 			0 			0 			26 			0 			42 			0 			0 			18 			24 			0 			22 			19 			0 			0 			0 			17 			0 			12 			0 			0 			0 			0 			0 			0 			0 			33 			41 			0 			3 			0 			0 			28 			0 
			5 			0 			7 			45 			16 			0 			0 			0 			40 			0 			44 			29 			0 			0 			20 			0 			0 			0 			0 			26 			0 			42 			37 			0 			18 			24 			39 			0 			0 			9 			13 			36 			0 			25 			0 			0 			0 			21 			0 			0 			0 			0 			0 			0 			46 			0 			0 			1 			28 			43 
			0 			0 			0 			45 			0 			0 			49 			32 			0 			0 			44 			29 			38 			0 			0 			0 			48 			2 			8 			0 			0 			0 			0 			0 			18 			0 			0 			0 			0 			9 			13 			0 			0 			0 			0 			23 			0 			21 			6 			0 			0 			0 			0 			41 			0 			3 			27 			0 			28 			43 
			5 			0 			0 			0 			0 			4 			0 			32 			40 			47 			0 			0 			0 			14 			0 			0 			48 			0 			0 			0 			10 			42 			0 			35 			18 			0 			39 			22 			19 			9 			13 			36 			0 			25 			12 			0 			15 			21 			6 			31 			30 			11 			0 			41 			46 			0 			0 			0 			0 			43 
			5 			0 			0 			45 			0 			4 			0 			32 			40 			47 			0 			29 			0 			14 			0 			34 			48 			2 			0 			26 			10 			0 			37 			0 			18 			24 			0 			0 			0 			0 			13 			0 			17 			25 			0 			0 			15 			0 			0 			31 			30 			0 			0 			0 			0 			0 			0 			1 			0 			43 
			0 			0 			0 			45 			16 			4 			0 			32 			40 			0 			0 			29 			0 			14 			20 			0 			0 			0 			0 			0 			10 			0 			37 			35 			18 			24 			39 			0 			19 			9 			0 			0 			17 			25 			0 			23 			0 			0 			0 			31 			30 			0 			33 			0 			0 			0 			0 			1 			28 			0 
			5 			0 			0 			0 			16 			0 			0 			32 			0 			47 			44 			0 			0 			14 			20 			34 			0 			2 			8 			26 			0 			0 			0 			35 			0 			24 			0 			22 			0 			0 			0 			0 			0 			25 			12 			23 			0 			21 			6 			31 			30 			0 			33 			41 			0 			0 			0 			1 			0 			0 
			0 			0 			7 			45 			16 			0 			0 			0 			40 			0 			44 			29 			38 			0 			20 			34 			48 			0 			8 			26 			0 			0 			0 			0 			18 			24 			39 			0 			0 			0 			0 			36 			0 			0 			0 			0 			15 			0 			0 			0 			30 			11 			33 			41 			46 			0 			0 			1 			28 			43 
			5 			0 			7 			0 			0 			0 			49 			0 			0 			47 			44 			29 			0 			0 			0 			0 			0 			2 			8 			26 			10 			0 			37 			0 			18 			0 			0 			22 			0 			9 			13 			0 			0 			25 			12 			0 			15 			0 			6 			31 			30 			11 			33 			0 			46 			3 			0 			1 			0 			0 
			0 			0 			0 			0 			0 			4 			0 			0 			0 			47 			0 			0 			0 			14 			20 			34 			48 			0 			8 			0 			0 			42 			0 			35 			0 			24 			39 			0 			19 			0 			0 			36 			0 			0 			12 			0 			0 			0 			0 			0 			0 			11 			33 			0 			46 			0 			0 			1 			28 			0 
			0 			0 			0 			0 			0 			4 			49 			32 			40 			47 			0 			29 			38 			14 			0 			34 			0 			2 			8 			0 			0 			42 			37 			0 			0 			0 			39 			22 			0 			0 			0 			0 			17 			25 			0 			0 			0 			21 			0 			31 			0 			11 			33 			41 			0 			3 			27 			0 			28 			0 
			5 			0 			0 			0 			16 			0 			0 			0 			40 			47 			44 			0 			38 			14 			0 			34 			0 			0 			0 			0 			0 			42 			0 			0 			18 			0 			0 			0 			0 			9 			0 			0 			17 			0 			0 			23 			0 			21 			6 			0 			30 			11 			33 			41 			46 			3 			27 			1 			28 			0 
			0 			0 			0 			0 			16 			4 			49 			32 			0 			0 			44 			29 			0 			0 			0 			0 			48 			2 			8 			26 			10 			42 			37 			0 			0 			24 			39 			0 			19 			9 			0 			36 			0 			0 			0 			23 			0 			0 			6 			0 			0 			0 			33 			0 			46 			0 			27 			1 			0 			0 
			5 			0 			0 			0 			0 			4 			49 			32 			40 			0 			44 			0 			38 			14 			0 			0 			0 			0 			8 			26 			10 			0 			0 			0 			0 			24 			39 			22 			0 			0 			0 			36 			0 			0 			0 			23 			15 			21 			6 			0 			30 			0 			33 			0 			46 			3 			27 			1 			28 			0 
			0 			0 			7 			45 			0 			4 			0 			0 			40 			47 			0 			0 			38 			14 			20 			34 			48 			0 			8 			26 			10 			0 			0 			35 			0 			24 			0 			0 			19 			9 			0 			0 			0 			25 			12 			0 			15 			0 			0 			31 			30 			11 			0 			0 			0 			3 			27 			0 			0 			0 
			0 			0 			7 			0 			16 			4 			49 			32 			0 			47 			44 			0 			38 			0 			20 			0 			48 			0 			8 			0 			0 			42 			37 			35 			18 			0 			39 			22 			19 			0 			13 			36 			0 			25 			0 			0 			0 			0 			6 			0 			0 			11 			33 			0 			46 			3 			27 			0 			28 			43 
			0 			0 			7 			0 			16 			4 			0 			0 			40 			0 			0 			0 			0 			0 			0 			0 			0 			2 			8 			0 			10 			0 			37 			0 			18 			0 			0 			0 			19 			9 			0 			0 			17 			0 			0 			0 			0 			0 			6 			31 			30 			0 			33 			41 			0 			3 			27 			1 			0 			0 
			5 			0 			7 			0 			16 			4 			49 			32 			40 			47 			0 			29 			38 			14 			20 			34 			0 			2 			0 			0 			10 			42 			37 			35 			18 			24 			0 			22 			19 			9 			0 			0 			0 			0 			0 			23 			0 			21 			6 			31 			30 			0 			33 			41 			0 			3 			0 			1 			0 			0 
			5 			0 			7 			0 			0 			4 			0 			32 			40 			47 			44 			0 			38 			0 			0 			0 			0 			2 			8 			26 			0 			0 			37 			35 			0 			24 			0 			22 			0 			0 			13 			0 			17 			25 			0 			23 			15 			0 			0 			0 			0 			0 			33 			41 			46 			3 			0 			0 			28 			43 
			5 			0 			7 			0 			0 			4 			49 			32 			40 			0 			0 			29 			0 			14 			20 			34 			48 			0 			0 			26 			10 			0 			0 			35 			18 			24 			39 			22 			0 			0 			13 			0 			0 			25 			0 			0 			15 			0 			0 			31 			30 			11 			33 			41 			46 			3 			0 			0 			28 			43 
			5 			0 			7 			45 			0 			0 			0 			0 			0 			47 			44 			29 			38 			0 			20 			34 			48 			2 			0 			26 			0 			42 			37 			0 			0 			0 			39 			22 			19 			9 			0 			36 			17 			0 			0 			23 			15 			21 			6 			31 			30 			0 			0 			41 			0 			3 			0 			1 			28 			43 
			0 			0 			7 			0 			0 			4 			0 			0 			0 			0 			44 			29 			0 			0 			0 			34 			48 			2 			8 			0 			0 			42 			0 			0 			0 			24 			0 			22 			19 			9 			0 			36 			0 			25 			12 			0 			0 			0 			0 			0 			30 			0 			33 			41 			0 			3 			27 			0 			28 			0 
			5 			0 			0 			0 			0 			4 			0 			32 			0 			0 			0 			29 			38 			0 			20 			0 			48 			2 			8 			26 			10 			0 			37 			0 			0 			0 			0 			0 			0 			0 			0 			36 			17 			0 			0 			23 			0 			21 			6 			31 			0 			0 			33 			0 			46 			0 			0 			1 			0 			0 
			5 			0 			7 			45 			0 			4 			49 			0 			40 			47 			44 			29 			38 			14 			20 			34 			48 			2 			0 			0 			10 			0 			37 			0 			0 			24 			0 			0 			19 			9 			13 			0 			17 			0 			12 			23 			15 			21 			6 			31 			30 			11 			0 			41 			0 			0 			0 			0 			28 			43 
			0 			0 			0 			0 			16 			4 			49 			32 			0 			0 			0 			0 			38 			14 			20 			0 			48 			2 			0 			26 			0 			42 			0 			35 			18 			0 			0 			0 			19 			0 			13 			36 			0 			25 			0 			23 			0 			21 			0 			31 			30 			0 			33 			0 			46 			0 			27 			1 			0 			43 
			0 			0 			0 			45 			0 			4 			0 			32 			0 			0 			44 			29 			0 			0 			20 			0 			48 			0 			0 			26 			10 			0 			37 			35 			0 			24 			0 			0 			0 			0 			13 			36 			0 			25 			0 			0 			0 			0 			6 			31 			30 			0 			33 			41 			46 			3 			0 			1 			0 			43 
			5 			0 			7 			0 			16 			0 			0 			32 			40 			47 			0 			0 			0 			0 			0 			0 			0 			2 			0 			0 			0 			0 			37 			35 			18 			24 			0 			22 			0 			0 			0 			0 			17 			25 			0 			23 			15 			21 			0 			31 			30 			11 			0 			41 			46 			3 			27 			1 			28 			0 
			5 			0 			0 			0 			0 			0 			0 			32 			0 			0 			44 			0 			38 			14 			0 			0 			48 			0 			0 			0 			0 			0 			37 			35 			0 			24 			39 			22 			0 			9 			0 			0 			17 			25 			0 			23 			0 			0 			6 			0 			0 			0 			33 			0 			0 			0 			0 			1 			0 			43 
			0 			0 			7 			0 			0 			4 			49 			0 			40 			47 			0 			0 			38 			14 			0 			0 			48 			2 			0 			26 			0 			42 			37 			0 			18 			24 			39 			22 			19 			9 			0 			36 			17 			25 			0 			0 			15 			0 			6 			0 			30 			0 			0 			0 			46 			3 			27 			0 			28 			0 
