


	Problem Size (nT x nS x nH):25x25x30
	CPU Time(sec): 48
	Obj Value: 186

			0 			0 			0 			0 			0 			0 			0 			0 			0 			0 			0 			0 			0 			0 			0 			0 			0 			0 			0 			0 			0 			0 			0 			0 			0 
			0 			0 			1 			1 			0 			0 			1 			0 			0 			0 			0 			0 			0 			1 			0 			1 			0 			1 			0 			1 			0 			1 			1 			1 			0 
			1 			0 			1 			0 			0 			0 			0 			1 			1 			1 			0 			0 			0 			0 			1 			0 			1 			0 			1 			0 			0 			1 			0 			0 			1 
			0 			0 			0 			1 			0 			0 			1 			1 			1 			0 			0 			0 			0 			0 			0 			0 			1 			1 			1 			0 			0 			0 			1 			0 			1 
			1 			1 			1 			0 			0 			0 			0 			1 			1 			1 			0 			1 			0 			1 			1 			1 			0 			1 			1 			1 			0 			1 			0 			0 			0 
			0 			0 			0 			0 			0 			1 			0 			0 			1 			1 			1 			1 			0 			0 			0 			0 			0 			1 			0 			1 			0 			1 			0 			0 			0 
			1 			0 			0 			1 			1 			1 			0 			1 			1 			1 			0 			1 			0 			0 			1 			1 			0 			1 			1 			0 			1 			1 			0 			1 			1 
			1 			0 			1 			0 			0 			1 			0 			0 			1 			1 			1 			0 			0 			1 			0 			0 			1 			1 			1 			0 			1 			1 			1 			1 			1 
			0 			1 			1 			1 			1 			1 			1 			1 			1 			1 			0 			1 			1 			0 			0 			0 			1 			0 			0 			1 			1 			0 			1 			1 			0 
			1 			1 			0 			0 			1 			0 			0 			1 			1 			1 			1 			1 			1 			0 			0 			0 			0 			1 			1 			0 			0 			0 			0 			1 			0 
			1 			0 			0 			0 			0 			1 			1 			0 			0 			0 			0 			0 			1 			0 			1 			0 			1 			1 			0 			1 			1 			0 			0 			1 			1 
			0 			0 			0 			0 			1 			0 			1 			1 			1 			1 			0 			0 			0 			0 			0 			1 			1 			0 			1 			1 			1 			1 			0 			1 			0 
			1 			1 			1 			0 			1 			0 			1 			0 			0 			0 			0 			1 			1 			1 			0 			1 			1 			1 			1 			0 			0 			0 			0 			0 			0 
			1 			1 			1 			1 			1 			0 			1 			1 			1 			1 			0 			0 			1 			1 			0 			0 			1 			0 			0 			0 			0 			0 			0 			0 			0 
			0 			1 			0 			1 			0 			0 			0 			1 			1 			1 			1 			0 			1 			1 			0 			0 			1 			1 			1 			1 			1 			0 			0 			1 			0 
			1 			1 			1 			1 			1 			0 			0 			0 			1 			1 			0 			1 			1 			1 			0 			0 			1 			1 			0 			1 			1 			0 			0 			1 			1 
			0 			0 			1 			0 			0 			1 			1 			1 			1 			0 			1 			0 			1 			0 			0 			0 			1 			1 			0 			1 			0 			1 			0 			1 			1 
			1 			0 			0 			0 			1 			0 			0 			1 			0 			0 			0 			1 			1 			0 			1 			0 			1 			1 			1 			1 			1 			1 			1 			1 			0 
			0 			0 			1 			0 			0 			0 			0 			0 			1 			0 			1 			1 			1 			1 			1 			1 			1 			0 			1 			0 			0 			1 			0 			0 			0 
			0 			0 			0 			1 			0 			1 			0 			0 			1 			1 			0 			0 			0 			1 			0 			0 			0 			1 			0 			0 			0 			0 			1 			1 			0 
			1 			1 			1 			1 			1 			1 			0 			0 			1 			1 			0 			0 			0 			1 			0 			1 			0 			0 			0 			0 			1 			1 			1 			0 			1 
			1 			1 			1 			1 			1 			0 			1 			1 			0 			0 			1 			1 			1 			0 			0 			1 			1 			0 			0 			0 			1 			0 			0 			1 			1 
			1 			1 			0 			1 			1 			0 			0 			1 			0 			1 			1 			0 			0 			1 			1 			0 			0 			0 			0 			0 			0 			0 			1 			0 			1 
			1 			1 			0 			0 			0 			1 			1 			0 			0 			1 			1 			1 			0 			1 			0 			0 			1 			1 			1 			0 			0 			1 			1 			1 			1 
			1 			0 			0 			1 			1 			1 			0 			0 			1 			0 			0 			0 			0 			1 			1 			1 			1 			0 			1 			1 			1 			1 			0 			0 			0 
			0 			0 			0 			1 			1 			0 			1 			1 			1 			0 			0 			1 			1 			1 			0 			1 			1 			1 			1 			1 			1 			1 			1 			0 			0 
			1 			0 			0 			0 			0 			0 			1 			0 			0 			0 			1 			0 			0 			0 			0 			1 			1 			1 			0 			1 			1 			1 			1 			1 			1 
			1 			1 			0 			0 			0 			1 			1 			1 			1 			0 			1 			1 			1 			0 			0 			0 			1 			1 			0 			0 			1 			1 			0 			0 			1 
			1 			0 			1 			1 			0 			0 			0 			1 			1 			0 			1 			0 			0 			1 			0 			0 			1 			0 			0 			0 			0 			0 			1 			0 			1 
			0 			1 			1 			1 			0 			1 			0 			0 			0 			1 			1 			1 			1 			1 			0 			1 			1 			1 			0 			0 			1 			0 			1 			1 			1 
			1 			0 			1 			0 			0 			0 			0 			1 			0 			0 			1 			1 			0 			0 			0 			0 			0 			1 			0 			1 			1 			0 			1 			1 			0 

			quantidade de buracos 396

			 X[0][11] = 1
			 X[1][17] = 1
			 X[2][19] = 1
			 X[3][3] = 1
			 X[4][12] = 1
			 X[5][14] = 1
			 X[6][1] = 1
			 X[7][23] = 1
			 X[8][8] = 1
			 X[9][2] = 1
			 X[10][0] = 1
			 X[11][18] = 1
			 X[12][6] = 1
			 X[13][7] = 1
			 X[14][15] = 1
			 X[15][4] = 1
			 X[16][22] = 1
			 X[17][21] = 1
			 X[18][16] = 1
			 X[19][13] = 1
			 X[20][20] = 1
			 X[21][10] = 1
			 X[22][24] = 1
			 X[23][9] = 1
			 X[24][5] = 1


			0 			0 			0 			0 			0 			0 			0 			0 			0 			0 			0 			0 			0 			0 			0 			0 			0 			0 			0 			0 			0 			0 			0 			0 			0 
			0 			0 			19 			3 			0 			0 			1 			0 			0 			0 			0 			0 			0 			7 			0 			4 			0 			21 			0 			13 			0 			10 			24 			9 			0 
			11 			0 			19 			0 			0 			0 			0 			23 			8 			2 			0 			0 			0 			0 			15 			0 			22 			0 			16 			0 			0 			10 			0 			0 			5 
			0 			0 			0 			3 			0 			0 			1 			23 			8 			0 			0 			0 			0 			0 			0 			0 			22 			21 			16 			0 			0 			0 			24 			0 			5 
			11 			17 			19 			0 			0 			0 			0 			23 			8 			2 			0 			18 			0 			7 			15 			4 			0 			21 			16 			13 			0 			10 			0 			0 			0 
			0 			0 			0 			0 			0 			14 			0 			0 			8 			2 			0 			18 			0 			0 			0 			0 			0 			21 			0 			13 			0 			10 			0 			0 			0 
			11 			0 			0 			3 			12 			14 			0 			23 			8 			2 			0 			18 			0 			0 			15 			4 			0 			21 			16 			0 			20 			10 			0 			9 			5 
			11 			0 			19 			0 			0 			14 			0 			0 			8 			2 			0 			0 			0 			7 			0 			0 			22 			21 			16 			0 			20 			10 			24 			9 			5 
			0 			17 			19 			3 			12 			14 			1 			23 			8 			2 			0 			18 			6 			0 			0 			0 			22 			0 			0 			13 			20 			0 			24 			9 			0 
			11 			17 			0 			0 			12 			0 			0 			23 			8 			2 			0 			18 			6 			0 			0 			0 			0 			21 			16 			0 			0 			0 			0 			9 			0 
			11 			0 			0 			0 			0 			14 			1 			0 			0 			0 			0 			0 			6 			0 			15 			0 			22 			21 			0 			13 			20 			0 			0 			9 			5 
			0 			0 			0 			0 			12 			0 			1 			23 			8 			2 			0 			0 			0 			0 			0 			4 			22 			0 			16 			13 			20 			10 			0 			9 			0 
			11 			17 			19 			0 			12 			0 			1 			0 			0 			0 			0 			18 			6 			7 			0 			4 			22 			21 			16 			0 			0 			0 			0 			0 			0 
			11 			17 			19 			3 			12 			0 			1 			23 			8 			2 			0 			0 			6 			7 			0 			0 			22 			0 			0 			0 			0 			0 			0 			0 			0 
			0 			17 			0 			3 			0 			0 			0 			23 			8 			2 			0 			0 			6 			7 			0 			0 			22 			21 			16 			13 			20 			0 			0 			9 			0 
			11 			17 			19 			3 			12 			0 			0 			0 			8 			2 			0 			18 			6 			7 			0 			0 			22 			21 			0 			13 			20 			0 			0 			9 			5 
			0 			0 			19 			0 			0 			14 			1 			23 			8 			0 			0 			0 			6 			0 			0 			0 			22 			21 			0 			13 			0 			10 			0 			9 			5 
			11 			0 			0 			0 			12 			0 			0 			23 			0 			0 			0 			18 			6 			0 			15 			0 			22 			21 			16 			13 			20 			10 			24 			9 			0 
			0 			0 			19 			0 			0 			0 			0 			0 			8 			0 			0 			18 			6 			7 			15 			4 			22 			0 			16 			0 			0 			10 			0 			0 			0 
			0 			0 			0 			3 			0 			14 			0 			0 			8 			2 			0 			0 			0 			7 			0 			0 			0 			21 			0 			0 			0 			0 			24 			9 			0 
			11 			17 			19 			3 			12 			14 			0 			0 			8 			2 			0 			0 			0 			7 			0 			4 			0 			0 			0 			0 			20 			10 			24 			0 			5 
			11 			17 			19 			3 			12 			0 			1 			23 			0 			0 			0 			18 			6 			0 			0 			4 			22 			0 			0 			0 			20 			0 			0 			9 			5 
			11 			17 			0 			3 			12 			0 			0 			23 			0 			2 			0 			0 			0 			7 			15 			0 			0 			0 			0 			0 			0 			0 			24 			0 			5 
			11 			17 			0 			0 			0 			14 			1 			0 			0 			2 			0 			18 			0 			7 			0 			0 			22 			21 			16 			0 			0 			10 			24 			9 			5 
			11 			0 			0 			3 			12 			14 			0 			0 			8 			0 			0 			0 			0 			7 			15 			4 			22 			0 			16 			13 			20 			10 			0 			0 			0 
			0 			0 			0 			3 			12 			0 			1 			23 			8 			0 			0 			18 			6 			7 			0 			4 			22 			21 			16 			13 			20 			10 			24 			0 			0 
			11 			0 			0 			0 			0 			0 			1 			0 			0 			0 			0 			0 			0 			0 			0 			4 			22 			21 			0 			13 			20 			10 			24 			9 			5 
			11 			17 			0 			0 			0 			14 			1 			23 			8 			0 			0 			18 			6 			0 			0 			0 			22 			21 			0 			0 			20 			10 			0 			0 			5 
			11 			0 			19 			3 			0 			0 			0 			23 			8 			0 			0 			0 			0 			7 			0 			0 			22 			0 			0 			0 			0 			0 			24 			0 			5 
			0 			17 			19 			3 			0 			14 			0 			0 			0 			2 			0 			18 			6 			7 			0 			4 			22 			21 			0 			0 			20 			0 			24 			9 			5 
			11 			0 			19 			0 			0 			0 			0 			23 			0 			0 			0 			18 			0 			0 			0 			0 			0 			21 			0 			13 			20 			0 			24 			9 			0 
