


	Problem Size (nT x nS x nH):8x9x11
	CPU Time(sec): 7
	Obj Value: 18

			0 			0 			0 			0 			0 			0 			0 			0 			0 
			1 			1 			0 			0 			0 			0 			1 			0 			1 
			1 			-0 			0 			0 			0 			1 			-0 			0 			1 
			1 			1 			0 			0 			0 			0 			0 			0 			0 
			0 			1 			0 			0 			1 			0 			0 			0 			1 
			1 			1 			0 			0 			0 			0 			0 			0 			1 
			1 			0 			0 			0 			1 			0 			1 			0 			1 
			1 			1 			0 			0 			1 			0 			1 			0 			0 
			0 			0 			0 			0 			0 			1 			0 			0 			0 
			0 			0 			0 			0 			0 			1 			1 			0 			0 
			1 			-0 			0 			0 			1 			1 			1 			0 			1 
			1 			1 			0 			0 			0 			1 			0 			0 			1 
			 X[0][4] = 1
			 X[0][5] = 1
			 X[1][3] = 1
			 X[4][0] = 1
			 X[5][2] = 1
			 X[6][7] = 1
			 X[8][1] = 1
			 X[8][6] = 1
