


	Problem Size (nT x nS x nH):5x6x9
	CPU Time(sec): 1
	Obj Value: 10

			0 			0 			0 			0 			0 			0 
			1 			0 			0 			1 			0 			1 
			0 			0 			0 			1 			0 			1 
			0 			1 			0 			1 			0 			0 
			0 			0 			0 			0 			0 			1 
			1 			0 			0 			0 			0 			1 
			0 			0 			0 			1 			0 			0 
			0 			1 			0 			1 			0 			0 
			1 			1 			0 			0 			0 			0 
			1 			1 			0 			0 			0 			1 


			 X[0][1] = 1
			 X[1][0] = 1
			 X[3][2] = 1
			 X[3][3] = 1
			 X[5][4] = 1


			0 			0 			0 			0 			0 			0 
			1 			0 			0 			3 			0 			4 
			0 			0 			0 			2 			0 			4 
			0 			0 			0 			3 			0 			0 
			0 			0 			0 			0 			0 			4 
			1 			0 			0 			0 			0 			4 
			0 			0 			0 			2 			0 			0 
			0 			0 			0 			3 			0 			0 
			1 			0 			0 			0 			0 			0 
			1 			0 			0 			0 			0 			4 

			Buracos: 8 