


	Problem Size (nT x nS x nH):13x20x10
	CPU Time(sec): 10
	Obj Value: 25

			0 			0 			0 			0 			0 			0 			0 			0 			0 			0 			0 			0 			0 			0 			0 			0 			0 			0 			0 			0 
			0 			1 			1 			0 			0 			0 			0 			0 			0 			1 			0 			1 			0 			-0 			1 			-0 			0 			0 			0 			1 
			0 			0 			-0 			1 			0 			0 			-0 			0 			0 			-0 			1 			1 			0 			0 			1 			0 			0 			0 			-0 			0 
			0 			1 			1 			0 			0 			0 			0 			0 			0 			1 			0 			1 			0 			0 			0 			0 			0 			0 			0 			1 
			0 			1 			1 			0 			-0 			0 			0 			0 			1 			1 			1 			0 			0 			0 			1 			0 			0 			0 			0 			0 
			0 			0 			1 			0 			0 			0 			0 			0 			0 			0 			1 			0 			0 			0 			1 			0 			0 			0 			0 			0 
			0 			0 			1 			0 			0 			-0 			0 			0 			1 			1 			1 			0 			0 			0 			1 			0 			-0 			0 			-0 			1 
			0 			1 			1 			0 			0 			0 			0 			0 			1 			0 			1 			1 			0 			0 			1 			-0 			0 			0 			0 			1 
			0 			1 			1 			1 			-0 			0 			-0 			-0 			0 			1 			1 			1 			0 			0 			1 			0 			0 			-0 			0 			1 
			0 			1 			0 			0 			0 			0 			0 			0 			0 			1 			1 			1 			0 			0 			0 			0 			0 			0 			0 			0 
			0 			1 			1 			1 			0 			-0 			0 			-0 			1 			-0 			0 			1 			0 			0 			0 			0 			0 			0 			0 			0 

			quantidade de buracos 166

			 X[1][2] = 1
			 X[1][10] = 1
			 X[2][1] = 1
			 X[3][11] = 1
			 X[8][12] = 1
			 X[9][9] = 1
			 X[10][5] = 1
			 X[10][6] = 1
			 X[11][0] = 1
			 X[11][4] = 1
			 X[14][3] = 1
			 X[14][8] = 1
			 X[19][7] = 1


			0 			0 			0 			0 			0 			0 			0 			0 			0 			0 			0 			0 			0 			0 			0 			0 			0 			0 			0 			0 
			0 			10 			1 			0 			0 			0 			0 			0 			0 			9 			0 			4 			0 			0 			3 			0 			0 			0 			0 			7 
			0 			0 			0 			11 			0 			0 			0 			0 			0 			0 			6 			0 			0 			0 			8 			0 			0 			0 			0 			0 
			0 			10 			1 			0 			0 			0 			0 			0 			0 			9 			0 			4 			0 			0 			0 			0 			0 			0 			0 			7 
			0 			2 			1 			0 			0 			0 			0 			0 			12 			9 			5 			0 			0 			0 			8 			0 			0 			0 			0 			0 
			0 			0 			1 			0 			0 			0 			0 			0 			0 			0 			6 			0 			0 			0 			3 			0 			0 			0 			0 			0 
			0 			0 			1 			0 			0 			0 			0 			0 			12 			9 			6 			0 			0 			0 			8 			0 			0 			0 			0 			7 
			0 			10 			1 			0 			0 			0 			0 			0 			12 			0 			5 			4 			0 			0 			8 			0 			0 			0 			0 			7 
			0 			2 			1 			11 			0 			0 			0 			0 			0 			9 			5 			0 			0 			0 			3 			0 			0 			0 			0 			7 
			0 			10 			0 			0 			0 			0 			0 			0 			0 			9 			6 			4 			0 			0 			0 			0 			0 			0 			0 			0 
			0 			10 			1 			11 			0 			0 			0 			0 			12 			0 			0 			4 			0 			0 			0 			0 			0 			0 			0 			0 
