


	Problem Size (nT x nS x nH):40x40x51
	CPU Time(sec): 894
	Obj Value: 537

			0 			0 			0 			0 			0 			0 			0 			0 			0 			0 			0 			0 			0 			0 			0 			0 			0 			0 			0 			0 			0 			0 			0 			0 			0 			0 			0 			0 			0 			0 			0 			0 			0 			0 			0 			0 			0 			0 			0 			0 
			0 			1 			1 			0 			1 			1 			1 			1 			0 			0 			0 			0 			0 			0 			0 			0 			0 			0 			0 			0 			1 			0 			0 			1 			1 			0 			0 			1 			0 			0 			1 			1 			0 			1 			0 			0 			1 			0 			1 			0 
			1 			0 			0 			1 			0 			0 			0 			0 			1 			1 			0 			1 			0 			1 			1 			1 			0 			0 			0 			0 			1 			0 			0 			0 			1 			1 			0 			1 			1 			1 			0 			1 			0 			0 			0 			0 			0 			0 			1 			0 
			0 			1 			1 			0 			1 			0 			0 			0 			1 			1 			0 			0 			0 			0 			0 			1 			1 			0 			1 			1 			0 			1 			1 			0 			1 			0 			1 			0 			1 			0 			0 			0 			1 			0 			1 			0 			0 			1 			1 			1 
			1 			0 			1 			1 			1 			0 			1 			1 			0 			1 			1 			0 			1 			1 			0 			0 			1 			1 			0 			1 			0 			0 			0 			0 			1 			1 			0 			1 			0 			1 			1 			1 			1 			0 			0 			0 			1 			1 			0 			1 
			1 			0 			1 			1 			0 			1 			1 			0 			1 			0 			0 			1 			1 			1 			0 			1 			0 			1 			0 			1 			1 			1 			1 			0 			0 			0 			0 			0 			1 			0 			1 			1 			1 			1 			0 			1 			1 			1 			1 			1 
			1 			0 			0 			0 			1 			0 			1 			0 			1 			1 			0 			1 			1 			0 			1 			1 			0 			1 			1 			1 			0 			1 			1 			1 			0 			0 			0 			0 			1 			1 			0 			0 			0 			0 			0 			0 			1 			0 			0 			1 
			1 			0 			0 			0 			1 			0 			0 			1 			0 			0 			0 			1 			1 			1 			0 			1 			1 			0 			0 			0 			0 			1 			1 			1 			0 			0 			1 			1 			1 			1 			0 			0 			0 			0 			1 			0 			0 			1 			1 			0 
			1 			0 			0 			1 			0 			0 			0 			0 			0 			0 			0 			0 			1 			1 			1 			1 			0 			1 			1 			0 			0 			1 			1 			0 			1 			0 			0 			1 			0 			1 			0 			1 			1 			1 			1 			0 			1 			1 			0 			1 
			1 			1 			0 			1 			0 			0 			0 			0 			0 			1 			1 			0 			0 			1 			0 			1 			0 			0 			1 			1 			0 			0 			1 			1 			1 			0 			1 			1 			1 			1 			1 			0 			1 			1 			1 			0 			1 			1 			1 			0 
			0 			1 			1 			1 			0 			1 			1 			0 			1 			1 			1 			0 			1 			0 			0 			1 			1 			0 			1 			1 			0 			0 			1 			1 			0 			1 			0 			1 			0 			0 			0 			1 			1 			0 			0 			1 			1 			0 			0 			1 
			0 			0 			1 			0 			0 			1 			1 			0 			0 			0 			1 			0 			1 			1 			1 			1 			1 			0 			0 			0 			0 			1 			1 			0 			1 			1 			0 			0 			1 			0 			1 			0 			0 			0 			1 			1 			1 			0 			1 			1 
			1 			1 			0 			1 			0 			1 			0 			1 			1 			0 			0 			1 			0 			0 			1 			0 			0 			1 			0 			1 			1 			0 			1 			0 			1 			0 			0 			1 			1 			0 			0 			1 			0 			0 			0 			0 			0 			0 			0 			0 
			1 			1 			0 			1 			0 			1 			1 			1 			0 			0 			1 			1 			1 			1 			1 			0 			1 			0 			1 			1 			0 			1 			1 			0 			0 			1 			1 			1 			0 			1 			0 			0 			0 			0 			0 			1 			1 			1 			0 			0 
			1 			1 			1 			1 			1 			0 			0 			0 			0 			1 			0 			1 			0 			1 			1 			0 			1 			1 			1 			0 			0 			0 			1 			0 			0 			0 			1 			1 			0 			0 			1 			0 			1 			0 			1 			1 			0 			0 			0 			1 
			0 			0 			0 			1 			1 			0 			0 			1 			0 			1 			1 			1 			1 			0 			1 			1 			0 			0 			0 			0 			1 			1 			1 			0 			0 			0 			0 			1 			1 			1 			1 			1 			1 			1 			1 			1 			0 			1 			0 			0 
			0 			1 			1 			0 			1 			1 			0 			0 			1 			1 			1 			0 			1 			0 			0 			0 			1 			0 			0 			1 			1 			1 			1 			1 			1 			0 			0 			1 			1 			1 			1 			1 			0 			0 			1 			1 			1 			0 			0 			1 
			0 			0 			1 			0 			1 			1 			1 			0 			0 			0 			0 			0 			0 			1 			1 			1 			1 			0 			0 			1 			0 			1 			0 			0 			0 			1 			1 			1 			1 			0 			1 			0 			1 			1 			0 			0 			1 			0 			1 			1 
			1 			1 			0 			1 			0 			1 			0 			1 			1 			0 			1 			1 			1 			0 			0 			0 			1 			1 			1 			1 			0 			1 			0 			0 			0 			0 			0 			0 			1 			1 			0 			0 			0 			1 			1 			1 			0 			1 			0 			0 
			1 			0 			0 			0 			0 			1 			0 			0 			0 			0 			1 			1 			1 			1 			0 			0 			0 			0 			1 			0 			1 			0 			0 			1 			0 			0 			1 			0 			1 			1 			0 			1 			1 			0 			0 			1 			0 			1 			0 			1 
			1 			0 			1 			0 			0 			0 			0 			1 			1 			1 			1 			1 			0 			0 			1 			0 			1 			0 			0 			1 			0 			0 			0 			0 			1 			1 			1 			0 			1 			0 			1 			1 			1 			1 			1 			0 			1 			0 			0 			1 
			0 			1 			0 			0 			0 			1 			0 			1 			1 			0 			0 			0 			0 			1 			0 			0 			0 			1 			0 			0 			1 			0 			1 			0 			0 			0 			1 			1 			1 			1 			0 			0 			1 			0 			1 			0 			0 			1 			1 			1 
			1 			0 			0 			0 			1 			0 			0 			1 			1 			1 			0 			0 			1 			0 			1 			1 			0 			1 			1 			1 			1 			0 			0 			1 			0 			1 			0 			0 			0 			1 			1 			1 			1 			0 			0 			0 			0 			0 			0 			0 
			0 			0 			1 			0 			0 			0 			1 			0 			0 			0 			0 			0 			1 			0 			0 			0 			1 			0 			0 			1 			0 			1 			1 			0 			1 			1 			0 			1 			0 			1 			0 			0 			1 			0 			1 			1 			0 			1 			1 			1 
			1 			1 			0 			0 			1 			1 			1 			0 			1 			1 			1 			0 			1 			0 			0 			0 			0 			0 			0 			0 			0 			0 			1 			1 			0 			0 			0 			1 			1 			0 			1 			1 			1 			0 			0 			1 			1 			0 			0 			0 
			0 			1 			0 			1 			1 			0 			1 			0 			0 			1 			1 			1 			0 			1 			1 			1 			1 			0 			1 			1 			1 			0 			1 			1 			0 			1 			1 			0 			0 			1 			0 			1 			0 			0 			1 			1 			1 			0 			1 			0 
			0 			0 			1 			1 			1 			1 			0 			0 			1 			0 			1 			1 			0 			1 			1 			0 			0 			1 			1 			0 			1 			0 			0 			0 			1 			1 			1 			0 			1 			1 			0 			1 			0 			0 			0 			1 			0 			1 			0 			0 
			1 			1 			1 			0 			1 			1 			0 			1 			1 			1 			0 			1 			0 			0 			0 			1 			1 			0 			0 			1 			0 			0 			0 			0 			0 			0 			1 			1 			0 			1 			1 			0 			1 			1 			0 			1 			0 			1 			1 			0 
			0 			1 			1 			0 			0 			0 			1 			0 			1 			0 			1 			1 			0 			1 			0 			0 			0 			0 			1 			0 			0 			0 			0 			1 			0 			1 			1 			1 			0 			1 			0 			1 			1 			0 			1 			0 			1 			0 			0 			0 
			0 			1 			1 			1 			0 			1 			0 			0 			0 			0 			0 			1 			0 			0 			1 			1 			0 			0 			1 			1 			1 			1 			1 			0 			1 			1 			1 			0 			0 			0 			0 			1 			0 			1 			0 			0 			1 			1 			0 			0 
			0 			0 			1 			0 			1 			1 			0 			1 			1 			1 			0 			0 			1 			0 			1 			0 			1 			0 			0 			1 			0 			1 			0 			1 			0 			0 			1 			0 			1 			1 			1 			1 			1 			0 			0 			1 			0 			1 			1 			1 
			0 			1 			1 			1 			1 			0 			1 			0 			0 			1 			1 			0 			0 			0 			1 			1 			0 			0 			1 			0 			0 			1 			1 			0 			1 			1 			1 			1 			1 			1 			0 			1 			0 			0 			1 			1 			0 			0 			1 			0 
			0 			0 			0 			0 			1 			1 			1 			0 			1 			0 			0 			0 			0 			0 			0 			1 			0 			0 			0 			1 			1 			1 			0 			0 			0 			0 			0 			1 			1 			0 			0 			0 			0 			0 			1 			1 			1 			1 			0 			0 
			0 			1 			0 			1 			0 			1 			1 			0 			1 			0 			0 			0 			1 			0 			1 			0 			1 			1 			0 			0 			1 			1 			1 			0 			0 			0 			1 			0 			1 			0 			0 			0 			1 			0 			1 			0 			0 			0 			0 			1 
			1 			0 			0 			0 			0 			0 			1 			1 			0 			1 			0 			0 			0 			0 			1 			1 			1 			1 			1 			0 			0 			0 			1 			1 			1 			0 			1 			1 			1 			0 			1 			1 			0 			1 			1 			1 			1 			1 			1 			0 
			0 			0 			0 			1 			1 			1 			0 			0 			1 			1 			0 			0 			1 			1 			1 			1 			1 			1 			0 			0 			1 			1 			0 			1 			1 			0 			0 			1 			1 			0 			0 			1 			1 			0 			0 			0 			0 			0 			0 			0 
			1 			0 			1 			1 			0 			1 			1 			1 			0 			1 			0 			1 			1 			1 			0 			0 			0 			0 			1 			0 			1 			1 			0 			1 			0 			0 			0 			0 			0 			1 			0 			1 			0 			1 			0 			1 			0 			0 			1 			1 
			0 			0 			1 			1 			0 			1 			1 			0 			1 			1 			1 			0 			0 			1 			1 			1 			1 			0 			1 			1 			1 			1 			0 			1 			1 			1 			0 			0 			1 			0 			0 			0 			0 			0 			0 			0 			0 			1 			1 			1 
			1 			1 			1 			0 			1 			1 			1 			1 			1 			1 			0 			1 			1 			1 			1 			0 			1 			0 			1 			0 			0 			1 			0 			0 			0 			0 			0 			0 			0 			0 			1 			0 			1 			1 			0 			1 			0 			1 			0 			1 
			0 			0 			1 			1 			0 			0 			0 			0 			1 			0 			1 			1 			0 			0 			0 			1 			1 			0 			0 			1 			1 			1 			0 			1 			0 			1 			1 			1 			1 			0 			0 			0 			1 			1 			0 			0 			0 			1 			1 			0 
			1 			1 			1 			1 			0 			0 			1 			0 			1 			1 			1 			0 			1 			1 			0 			0 			0 			1 			0 			1 			0 			1 			1 			1 			0 			1 			0 			0 			1 			1 			0 			1 			1 			1 			1 			1 			0 			0 			1 			0 
			0 			1 			1 			1 			1 			0 			1 			1 			0 			1 			0 			0 			0 			0 			1 			0 			0 			1 			1 			0 			1 			1 			0 			0 			0 			0 			0 			1 			1 			0 			0 			1 			0 			1 			0 			0 			0 			0 			1 			1 
			1 			0 			0 			0 			1 			1 			0 			1 			1 			0 			0 			1 			0 			1 			1 			1 			1 			1 			0 			0 			0 			0 			1 			0 			1 			1 			0 			0 			0 			1 			0 			1 			1 			0 			0 			1 			0 			1 			1 			1 
			0 			1 			1 			1 			0 			1 			0 			1 			0 			1 			1 			1 			1 			0 			0 			1 			1 			1 			1 			0 			1 			0 			1 			0 			0 			0 			1 			1 			0 			0 			1 			1 			1 			1 			1 			0 			0 			0 			1 			0 
			0 			1 			0 			1 			1 			1 			0 			0 			1 			1 			0 			0 			1 			0 			0 			0 			1 			1 			1 			0 			1 			1 			1 			0 			1 			1 			1 			0 			1 			1 			1 			0 			0 			1 			0 			0 			1 			0 			1 			0 
			1 			1 			1 			0 			1 			1 			0 			1 			0 			1 			1 			1 			1 			0 			1 			0 			1 			0 			0 			1 			1 			0 			1 			1 			0 			1 			1 			0 			1 			0 			0 			1 			0 			0 			1 			1 			1 			1 			1 			1 
			1 			1 			0 			1 			1 			0 			1 			1 			1 			0 			0 			0 			1 			0 			1 			0 			1 			1 			1 			1 			0 			1 			0 			1 			0 			1 			1 			1 			0 			1 			0 			1 			1 			0 			1 			1 			1 			0 			0 			0 
			1 			1 			1 			1 			0 			0 			0 			1 			1 			1 			0 			0 			0 			1 			0 			0 			0 			1 			1 			1 			1 			0 			1 			0 			1 			0 			1 			1 			1 			0 			1 			1 			0 			0 			1 			1 			0 			1 			0 			0 
			0 			1 			0 			1 			1 			1 			0 			0 			0 			0 			1 			1 			0 			0 			0 			1 			1 			0 			0 			0 			1 			1 			1 			0 			0 			0 			0 			0 			1 			1 			0 			0 			1 			0 			1 			0 			1 			1 			0 			0 
			1 			1 			0 			1 			0 			0 			1 			0 			1 			0 			0 			1 			0 			1 			0 			1 			0 			1 			0 			0 			0 			1 			1 			1 			1 			0 			0 			0 			1 			1 			1 			1 			1 			0 			0 			0 			0 			0 			0 			1 
			1 			1 			1 			1 			1 			1 			1 			1 			1 			0 			0 			1 			0 			0 			1 			1 			1 			0 			1 			1 			1 			0 			0 			0 			1 			0 			1 			1 			1 			0 			1 			1 			1 			1 			0 			0 			1 			1 			1 			0 
			 X[0][39] = 1
			 X[1][3] = 1
			 X[2][10] = 1
			 X[3][37] = 1
			 X[4][30] = 1
			 X[5][24] = 1
			 X[6][9] = 1
			 X[7][19] = 1
			 X[8][34] = 1
			 X[9][8] = 1
			 X[10][25] = 1
			 X[11][0] = 1
			 X[12][23] = 1
			 X[13][32] = 1
			 X[14][31] = 1
			 X[15][11] = 1
			 X[16][20] = 1
			 X[17][17] = 1
			 X[18][2] = 1
			 X[19][38] = 1
			 X[20][4] = 1
			 X[21][6] = 1
			 X[22][12] = 1
			 X[23][36] = 1
			 X[24][13] = 1
			 X[25][15] = 1
			 X[26][5] = 1
			 X[27][7] = 1
			 X[28][18] = 1
			 X[29][26] = 1
			 X[30][35] = 1
			 X[31][1] = 1
			 X[32][28] = 1
			 X[33][27] = 1
			 X[34][22] = 1
			 X[35][29] = 1
			 X[36][21] = 1
			 X[37][14] = 1
			 X[38][33] = 1
			 X[39][16] = 1
