


	Problem Size (nT x nS x nH):15x20x15
	CPU Time(sec): 138
	Obj Value: 62

			0 			0 			0 			0 			0 			0 			0 			0 			0 			0 			0 			0 			0 			0 			0 			0 			0 			0 			0 			0 
			0 			0 			1 			0 			0 			0 			0 			0 			1 			0 			1 			0 			0 			1 			0 			1 			0 			1 			1 			0 
			1 			0 			0 			0 			0 			0 			0 			0 			0 			0 			1 			1 			0 			0 			0 			0 			0 			0 			1 			0 
			1 			0 			0 			0 			0 			1 			1 			0 			0 			1 			0 			0 			0 			0 			0 			1 			0 			1 			0 			1 
			1 			1 			0 			1 			0 			0 			0 			0 			1 			0 			0 			0 			0 			0 			0 			1 			0 			1 			0 			0 
			1 			0 			0 			0 			0 			0 			1 			0 			1 			1 			0 			1 			0 			0 			0 			0 			0 			0 			0 			0 
			0 			1 			0 			1 			0 			0 			1 			0 			1 			0 			0 			0 			0 			1 			0 			1 			0 			0 			1 			0 
			1 			1 			1 			1 			0 			1 			0 			0 			0 			0 			0 			1 			0 			0 			0 			1 			0 			1 			1 			0 
			0 			1 			0 			0 			0 			0 			0 			0 			1 			0 			1 			0 			0 			0 			0 			0 			0 			1 			0 			1 
			0 			1 			1 			0 			0 			0 			0 			0 			1 			1 			1 			0 			0 			1 			0 			1 			0 			0 			0 			0 
			1 			1 			1 			1 			0 			1 			1 			0 			1 			0 			0 			0 			0 			0 			0 			1 			0 			0 			1 			1 
			0 			1 			0 			1 			0 			1 			1 			0 			0 			1 			1 			0 			0 			1 			0 			1 			0 			0 			0 			1 
			1 			0 			1 			0 			0 			0 			1 			0 			1 			0 			1 			1 			0 			1 			0 			0 			0 			0 			1 			1 
			0 			1 			1 			0 			0 			0 			0 			0 			1 			1 			1 			1 			0 			1 			0 			0 			0 			1 			1 			0 
			0 			0 			0 			1 			0 			1 			1 			0 			1 			1 			0 			0 			0 			1 			0 			0 			0 			1 			1 			1 
			1 			1 			1 			1 			0 			0 			1 			0 			1 			0 			0 			0 			0 			1 			0 			0 			0 			0 			0 			0 
			 X[0][6] = 1
			 X[1][8] = 1
			 X[2][1] = 1
			 X[3][2] = 1
			 X[5][0] = 1
			 X[6][11] = 1
			 X[8][13] = 1
			 X[9][14] = 1
			 X[10][9] = 1
			 X[11][12] = 1
			 X[13][7] = 1
			 X[15][10] = 1
			 X[17][3] = 1
			 X[18][4] = 1
			 X[19][5] = 1
