


	Problem Size (nT x nS x nH):8x10x12
	CPU Time(sec): 1
	Obj Value: 22

			0 			0 			0 			0 			0 			0 			0 			0 			0 			0 
			1 			1 			0 			1 			0 			0 			0 			1 			0 			0 
			0 			1 			1 			0 			0 			0 			1 			0 			0 			0 
			0 			0 			1 			0 			0 			0 			0 			1 			0 			0 
			0 			1 			0 			0 			1 			0 			0 			1 			0 			0 
			0 			1 			0 			1 			0 			0 			0 			1 			0 			0 
			1 			1 			0 			1 			1 			0 			0 			0 			0 			0 
			1 			0 			1 			0 			1 			0 			0 			1 			0 			0 
			0 			0 			0 			0 			0 			0 			1 			0 			0 			0 
			1 			0 			0 			0 			0 			0 			1 			0 			0 			0 
			1 			1 			1 			0 			1 			0 			1 			0 			0 			0 
			0 			1 			1 			0 			0 			0 			1 			1 			0 			0 
			0 			1 			1 			1 			1 			0 			1 			1 			0 			0 

			quantidade de buracos 89

			 X[0][7] = 1
			 X[1][1] = 1
			 X[1][6] = 1
			 X[2][5] = 1
			 X[3][4] = 1
			 X[4][0] = 1
			 X[6][2] = 1
			 X[7][3] = 1


			0 			0 			0 			0 			0 			0 			0 			0 			0 			0 
			7 			1 			0 			4 			0 			0 			0 			3 			0 			0 
			0 			1 			5 			0 			0 			0 			2 			0 			0 			0 
			0 			0 			5 			0 			0 			0 			0 			3 			0 			0 
			0 			6 			0 			0 			0 			0 			0 			3 			0 			0 
			0 			1 			0 			4 			0 			0 			0 			3 			0 			0 
			7 			1 			0 			4 			0 			0 			0 			0 			0 			0 
			7 			0 			5 			0 			0 			0 			0 			3 			0 			0 
			0 			0 			0 			0 			0 			0 			2 			0 			0 			0 
			7 			0 			0 			0 			0 			0 			2 			0 			0 			0 
			7 			1 			5 			0 			0 			0 			2 			0 			0 			0 
			0 			6 			5 			0 			0 			0 			2 			3 			0 			0 
			0 			6 			5 			4 			0 			0 			2 			3 			0 			0 
