


	Problem Size (nT x nS x nH):15x208
	CPU Time(sec): 0
	Obj Value: 9

			0 			0 			0 			0 			0 			0 			0 			0 			0 			0 			0 			0 			0 			0 			0 			0 			0 			0 			0 			0 
			0 			0 			0 			0 			0 			0 			1 			1 			0 			1 			0 			1 			0 			1 			1 			0 			0 			1 			1 			1 
			0 			0 			0 			0 			0 			0 			1 			1 			0 			1 			0 			1 			0 			1 			1 			0 			0 			1 			1 			1 
			0 			0 			0 			0 			0 			0 			1 			1 			0 			1 			0 			1 			0 			1 			1 			0 			0 			1 			1 			1 
			0 			0 			0 			0 			0 			0 			1 			1 			0 			1 			0 			1 			0 			1 			1 			0 			0 			1 			1 			1 
			0 			0 			0 			0 			0 			0 			1 			1 			0 			1 			0 			1 			0 			1 			1 			0 			0 			1 			1 			1 
			0 			0 			0 			0 			0 			0 			1 			1 			0 			1 			0 			1 			0 			1 			1 			0 			0 			1 			1 			1 
			0 			0 			0 			0 			0 			0 			1 			1 			0 			1 			0 			1 			0 			1 			1 			0 			0 			1 			1 			1 
			 X[6][10] = 1
			 X[7][3] = 1
			 X[9][4] = 1
			 X[9][5] = 1
			 X[11][1] = 1
			 X[11][11] = 1
			 X[13][2] = 1
			 X[13][9] = 1
			 X[13][14] = 1
			 X[14][6] = 1
			 X[17][7] = 1
			 X[17][12] = 1
			 X[18][0] = 1
			 X[18][13] = 1
			 X[19][8] = 1
