


	Problem Size (nT x nS x nH):9x7x4
	CPU Time(sec): 1
	Obj Value: 6

			0 			0 			0 			0 			0 			0 			0 
			1 			0 			1 			0 			1 			0 			1 
			1 			0 			0 			0 			1 			0 			1 
			1 			0 			1 			0 			1 			0 			0 
			1 			0 			1 			0 			1 			0 			1 

			quantidade de buracos 21

			 X[0][1] = 1
			 X[0][2] = 1
			 X[0][5] = 1
			 X[0][8] = 1
			 X[2][3] = 1
			 X[4][4] = 1
			 X[4][6] = 1
			 X[6][0] = 1
			 X[6][7] = 1


			0 			0 			0 			0 			0 			0 			0 
			1 			0 			3 			0 			4 			0 			7 
			1 			0 			0 			0 			4 			0 			0 
			1 			0 			3 			0 			6 			0 			0 
			8 			0 			3 			0 			6 			0 			0 
