


	Problem Size (nT x nS x nH):12x13x17
	CPU Time(sec): 53
	Obj Value: 52

			0 			0 			0 			0 			0 			0 			0 			0 			0 			0 			0 			0 			0 
			1 			1 			0 			0 			1 			0 			0 			0 			1 			1 			1 			0 			0 
			0 			1 			0 			0 			0 			0 			0 			0 			0 			1 			1 			0 			0 
			0 			0 			0 			0 			1 			1 			0 			0 			0 			0 			1 			1 			1 
			0 			0 			0 			0 			0 			1 			1 			1 			1 			0 			0 			1 			0 
			1 			1 			0 			0 			1 			1 			1 			0 			0 			0 			0 			0 			0 
			0 			0 			0 			0 			0 			0 			0 			0 			0 			0 			0 			1 			1 
			1 			1 			1 			0 			0 			1 			1 			0 			0 			1 			0 			1 			0 
			1 			1 			1 			0 			0 			0 			0 			1 			1 			1 			1 			0 			1 
			0 			0 			1 			0 			0 			1 			0 			0 			1 			0 			0 			0 			1 
			1 			0 			1 			0 			0 			1 			1 			0 			0 			0 			0 			0 			1 
			1 			1 			0 			0 			0 			0 			0 			1 			0 			1 			1 			0 			0 
			0 			1 			1 			0 			1 			0 			1 			1 			1 			1 			1 			1 			0 
			0 			0 			1 			0 			0 			0 			0 			1 			1 			1 			0 			1 			1 
			1 			0 			1 			0 			1 			0 			1 			1 			1 			1 			0 			0 			0 
			1 			0 			1 			0 			1 			0 			0 			1 			1 			1 			1 			0 			1 
			0 			1 			0 			0 			1 			0 			0 			1 			1 			1 			1 			0 			0 
			1 			1 			1 			0 			1 			1 			1 			1 			0 			1 			0 			0 			1 
			 X[0][10] = 1
			 X[1][7] = 1
			 X[2][2] = 1
			 X[4][3] = 1
			 X[5][0] = 1
			 X[6][5] = 1
			 X[7][8] = 1
			 X[8][4] = 1
			 X[9][1] = 1
			 X[10][9] = 1
			 X[11][11] = 1
			 X[12][6] = 1
